[GUI]
DisplayName=Russian Costal Invation (Late Stages)

[Situation]
Theater=Caucasus

[RedCoordinates]
Waypoint0000=-364475.05395178,611835.03109615
Waypoint0001=-364475.05395178,611835.03109615
Waypoint0002=-369172.21049883,632914.95316094
Waypoint0003=-280613.62486794,654911.39357637
Waypoint0004=-228719.34768435,638455.78776271
Waypoint0005=-149381.01685629,475753.50255507
Waypoint0006=-165508.58480966,671267.8774603
Waypoint0007=-206693.79243806,789920.49943735
Waypoint0008=-220749.06170806,781421.9645299
Waypoint0009=-227613.26297946,799726.50125363
Waypoint0010=-197214.65734898,846468.44324459
Waypoint0011=-217480.39443597,959891.19758629
Waypoint0012=-11508.59495218,932221.929128
Waypoint0013=51377.29469566,178777.77957375
Waypoint0014=-186323.45799836,371390.53591649
Waypoint0015=-364475.05395178,611835.03109615

[BlueCoordinates]
Waypoint0000=-263070.58701438,676463.27397904
Waypoint0001=-263070.58701438,676463.27397904
Waypoint0002=-280745.48493367,667953.13794383
Waypoint0003=-290974.01382215,670653.46957038
Waypoint0004=-286227.9764179,675399.50697464
Waypoint0005=-288764.65158224,679654.57499225
Waypoint0006=-290319.38797329,690619.5579607
Waypoint0007=-283036.67540469,702239.16677801
Waypoint0008=-299827.82842802,750867.22967846
Waypoint0009=-291105.26319276,828252.22596336
Waypoint0010=-382754.94027744,924146.73019722
Waypoint0011=-293420.62345595,941126.03879396
Waypoint0012=-235974.60585927,802708.0138597
Waypoint0013=-228629.1254243,695495.2568726
Waypoint0014=-243502.39486717,687341.50790218
Waypoint0015=-263070.58701438,676463.27397904
