[GUI]
DisplayName=Russian Costal Invation (Early Stages)

[Situation]
Theater=Caucasus

[RedCoordinates]
Waypoint0000=-364199.80148117,611009.27368432
Waypoint0001=-365799.3781826,619433.71097852
Waypoint0002=-353754.298588,624411.22758224
Waypoint0003=-304010.08486976,580593.22651177
Waypoint0004=-183577.94250436,530832.07175433
Waypoint0005=-149105.76438568,474927.74514324
Waypoint0006=-165233.33233905,670442.12004847
Waypoint0007=-206418.53996745,789094.74202552
Waypoint0008=-220473.80923745,780596.20711807
Waypoint0009=-227338.01050885,798900.7438418
Waypoint0010=-196939.40487837,845642.68583276
Waypoint0011=-217205.14196536,959065.44017446
Waypoint0012=-11233.34248157,931396.17171617
Waypoint0013=51652.54716627,177952.02216192
Waypoint0014=-186048.20552775,370564.77850466
Waypoint0015=-365799.3781826,619433.71097852

[BlueCoordinates]
Waypoint0000=-336620.61075546,628147.69656804
Waypoint0001=-336620.61075546,628147.69656804
Waypoint0002=-278298.81528176,636371.17793353
Waypoint0003=-211582.15231748,543595.777445
Waypoint0004=-200824.96452264,553919.95687424
Waypoint0005=-181348.29813068,558680.91977005
Waypoint0006=-202015.20524659,629987.15950505
Waypoint0007=-274412.58193472,940397.92595465
Waypoint0008=-370732.57447247,938180.03138964
Waypoint0009=-327912.51945989,750591.8444117
Waypoint0010=-300408.57086546,707932.65883665
Waypoint0011=-336620.61075546,628147.69656804
