[GUI]
DisplayName=Peacetime National Control

[BriefingDescription]
briefing000=With the support of $BRIEFINGALLYCOALITION$ we are about to attack $BRIEFINGENEMYCOALITION$ in response to the {atrocities happening under their watch|election that didn't go our way|military coup that has taken place}.
briefing001=We are under threat of being attacked by $BRIEFINGENEMYCOALITION$ and therefore are taking control of this {conflict|flashpoint|situation} with a pre-emptive strike.

[Situation]
Theater=Caucasus

[RedCoordinates]
Waypoint0000=-169912.19495855,466041.60262888
Waypoint0001=-169912.19495855,466041.60262888
Waypoint0002=8567.94842796,176141.83756687
Waypoint0003=86455.44904542,277130.91195278
Waypoint0004=111998.84375829,986092.91455812
Waypoint0005=-210879.64260065,918520.94432204
Waypoint0006=-184052.54745527,867305.58086268
Waypoint0007=-220286.54609319,790308.33375711
Waypoint0008=-179174.89379248,733170.10513578
Waypoint0009=-163148.31747186,659656.89636077
Waypoint0010=-155135.02931155,562452.2269379
Waypoint0011=-138313.1145189,474912.01504485
Waypoint0012=-169912.19495855,466041.60262888

[BlueCoordinates]
Waypoint0000=-196501.64321632,512535.25213234
Waypoint0001=-196501.64321632,512535.25213234
Waypoint0002=-196501.64321632,512535.25213234
Waypoint0003=-164648.76768623,537879.87804528
Waypoint0004=-280021.42418496,710060.64553508
Waypoint0005=-369618.95658713,790789.13086032
Waypoint0006=-283649.67071643,873432.52407717
Waypoint0007=-287177.13262203,934911.14586044
Waypoint0008=-387155.48148924,937632.33075905
Waypoint0009=-418247.8528179,595718.8872225
Waypoint0010=-362646.40321262,567752.89300234
Waypoint0011=-329553.98011779,557051.57539723
Waypoint0012=-301301.1506192,557618.62073945
Waypoint0013=-240011.28099301,549468.67410577
Waypoint0014=-199160.63879931,512816.54350997
Waypoint0015=-196501.64321632,512535.25213234
