[GUI]
DisplayName=Russo Georgian War 2008

[Situation]
Theater=Caucasus

[RedCoordinates]
Waypoint0000=-266835.81867493,603110.16426253
Waypoint0001=-266835.81867493,603110.16426253
Waypoint0002=-237581.84611862,633016.03592873
Waypoint0003=-200749.54640984,624582.09119453
Waypoint0004=-177054.19533247,596626.78315251
Waypoint0005=-168286.75354733,664866.33364901
Waypoint0006=-171909.79637351,701738.6878157
Waypoint0007=-207407.71676146,789849.59735008
Waypoint0008=-275353.32941073,796430.10357842
Waypoint0009=-276212.86826543,844564.27944156
Waypoint0010=-216781.89602625,819760.44392025
Waypoint0011=-194802.25959895,854141.9981082
Waypoint0012=-210396.75024849,931132.12123623
Waypoint0013=-66722.79326749,927017.03317441
Waypoint0014=48156.47781717,203404.79796583
Waypoint0015=-70537.972012,216969.87794631
Waypoint0016=-288850.97794781,522608.08625644
Waypoint0017=-283461.10537194,542263.03933065
Waypoint0018=-266835.81867493,603110.16426253

[BlueCoordinates]
Waypoint0000=-291538.41459685,857220.06486395
Waypoint0001=-291538.41459685,857220.06486395
Waypoint0002=-266962.06628434,863800.61714435
Waypoint0003=-244937.36069281,859838.85607758
Waypoint0004=-218816.59704919,823242.92757945
Waypoint0005=-196926.18844297,854802.71912829
Waypoint0006=-212236.04476879,930881.96130881
Waypoint0007=-376905.89617117,937041.75209438
Waypoint0008=-382595.89601102,600699.53933898
Waypoint0009=-299827.27530464,617301.65475644
Waypoint0010=-282338.85664309,633320.45840441
Waypoint0011=-287702.95144264,646032.62827184
Waypoint0012=-289393.00870825,658009.99063248
Waypoint0013=-233988.52269645,647575.7240361
Waypoint0014=-215103.969772,638684.55320396
Waypoint0015=-172338.17287695,644563.01325827
Waypoint0016=-175094.89361999,699566.5912336
Waypoint0017=-208703.87501228,782878.99581168
Waypoint0018=-229390.0965519,765522.44564397
Waypoint0019=-257691.27896756,771462.19997812
Waypoint0020=-282079.21146895,777541.71323777
Waypoint0021=-300049.65497148,819504.70432336
Waypoint0022=-299689.29834974,824910.05364946
Waypoint0023=-291538.41459685,857220.06486395