[GUI]
DisplayName=Beslan Rebellion

[Situation]
Theater=Caucasus

[RedCoordinates]
Waypoint0000=-58241.872653202,708016.08869829
Waypoint0001=-58241.872653202,708016.08869829
Waypoint0002=-49903.493513354,709786.67011274
Waypoint0003=-46793.760265763,701262.42092559
Waypoint0004=42618.825294788,512849.10097139
Waypoint0005=33420.473196807,239062.85617265
Waypoint0006=-39444.904206812,240505.73493312
Waypoint0007=-168332.79383511,460445.89396217
Waypoint0008=-142066.74398249,468858.85592614
Waypoint0009=-166793.02964954,640078.75108162
Waypoint0010=-89455.398844165,661355.04252589
Waypoint0011=-60716.710066695,695789.89724292
Waypoint0012=-58241.872653202,708016.08869829

[BlueCoordinates]
Waypoint0000=-82835.687634038,899827.75717053
Waypoint0001=-82835.687634038,899827.75717053
Waypoint0002=-72460.509705425,752013.49384189
Waypoint0003=-62609.573569667,697048.26429448
Waypoint0004=-92260.563109258,666586.79943512
Waypoint0005=-172166.25795667,644096.18051925
Waypoint0006=-147847.13343789,473130.90664664
Waypoint0007=-170337.75235376,465634.03367469
Waypoint0008=-367952.25383357,614308.28098903
Waypoint0009=-348810.88120298,718555.14116176
Waypoint0010=-357939.84353449,906729.55825322
Waypoint0011=-337915.02293634,945306.78617024
Waypoint0012=-101206.91933339,925835.5929651
Waypoint0013=-92381.274137412,915817.29301291
Waypoint0014=-82835.687634038,899827.75717053