[GUI]
DisplayName=Peacetime National Control

[BriefingDescription]
briefing000=With the support of $BRIEFINGALLYCOALITION$ we are about to attack $BRIEFINGENEMYCOALITION$ in response to the {atrocities happening under their watch|election that didn't go our way|military coup that has taken place}.
briefing001=We are under threat of being attacked by $BRIEFINGENEMYCOALITION$ and therefore are taking control of this {conflict|flashpoint|situation} with a pre-emptive strike.

[Situation]
Theater=Falklands


[RedCoordinates]
Waypoint0000=-324950.40116703,-288940.35738944
Waypoint0001=-324950.40116703,-288940.35738944
Waypoint0002=-327756.74690007,-593709.50399776
Waypoint0003=-54979.94164843,-643101.18889929
Waypoint0004=-49367.25018235,-626263.11450104
Waypoint0005=-26355.21517141,-707085.87161263
Waypoint0006=-33090.44493071,-873782.8081553
Waypoint0007=27526.62290299,-915877.99415093
Waypoint0008=79724.65353757,-921490.68561701
Waypoint0009=106665.57257476,-959656.98758638
Waypoint0010=93756.38220277,-995578.21296931
Waypoint0011=178812.91028447,-1030938.1692056
Waypoint0012=259074.39824945,-1020835.3245667
Waypoint0013=297240.70021882,-983791.56089053
Waypoint0014=346632.38512035,-991088.05979644
Waypoint0015=346071.11597374,-303533.35520125
Waypoint0016=21096.28008753,-192402.06417281
Waypoint0017=-324950.40116703,-288940.35738944

[BlueCoordinates]
Waypoint0000=197583.43435449,-178374.26439162
Waypoint0001=351412.75601751,-224800.23083947
Waypoint0002=-88468.50875273,-176373.90115311
Waypoint0003=-533139.83150984,536106.21883231
Waypoint0004=-215948.66921954,908961.36653468
Waypoint0005=346535.37563822,738158.69029328
Waypoint0006=351412.75601751,-224800.23083947

[NoSpawnCoordinates]
Waypoint0000=-314864.39460248,-291666.60146456
Waypoint0001=-314864.39460248,-291666.60146456
Waypoint0002=-322138.44274252,-590811.83122386
Waypoint0003=-61181.96571845,-634910.74807288
Waypoint0004=-49361.63749088,-609451.57958272
Waypoint0005=-12991.39679066,-709469.74150832
Waypoint0006=-26175.60904449,-872226.5686418
Waypoint0007=34289.91611962,-909051.43735077
Waypoint0008=97937.837345,-913143.08942955
Waypoint0009=120214.60977389,-970426.21853239
Waypoint0010=108848.90955507,-996794.64304005
Waypoint0011=177497.73887673,-1023163.0675477
Waypoint0012=258421.52443472,-1014070.5073727
Waypoint0013=293427.88110868,-973153.98658491
Waypoint0014=343180.57986871,-982246.54675996
Waypoint0015=345908.34792123,-1275026.9843967
Waypoint0016=-497708.69803063,-1233655.8356002
Waypoint0017=-478614.32166302,-327582.21415602
Waypoint0018=-458189.24911379,-307825.76301926
Waypoint0019=-420876.56455142,-283028.66929825
Waypoint0020=-314864.39460248,-291666.60146456