[GUI]
DisplayName=Falklands British Beachhead North

[BriefingDescription]
briefing000=The British have landed in the North of the East Falklands islands and taken their first airfield.

[Situation]
Theater=Falklands


[RedCoordinates]
Waypoint0000=340991.97665937,-988859.24569693
Waypoint0001=340991.97665937,-988859.24569693
Waypoint0002=291101.38584974,-980544.14722866
Waypoint0003=256455.14223195,-1020040.8649529
Waypoint0004=173997.08242159,-1031127.6629106
Waypoint0005=94310.72210065,-997867.26903756
Waypoint0006=109555.06929248,-969457.34927096
Waypoint0007=91539.02261123,-918873.83358898
Waypoint0008=27789.93435448,-916795.05897191
Waypoint0009=-38730.85339169,-873833.71688584
Waypoint0010=-22100.65645514,-706838.82264806
Waypoint0011=-48431.80160467,-632002.93643362
Waypoint0012=-55361.05032823,-646554.35875309
Waypoint0013=-337381.4733771,-595277.91819875
Waypoint0014=-324908.82567469,-295241.44846863
Waypoint0015=86911.39314369,176640.38960577
Waypoint0016=101116.23506042,53616.62571947
Waypoint0017=99903.12883518,-7106.08033259
Waypoint0018=107990.50367009,-10745.3990083
Waypoint0019=119784.591971,-1444.91794816
Waypoint0020=138627.79825575,-39823.50323887
Waypoint0021=340991.97665937,-988859.24569693

[BlueCoordinates]
Waypoint0000=306132.70476378,-350611.41076722
Waypoint0001=306132.70476378,-350611.41076722
Waypoint0002=278279.72183127,-349650.96307989
Waypoint0003=127491.19750752,7351.60656214
Waypoint0004=102288.68503822,-7238.90337364
Waypoint0005=107497.7345914,47252.20502144
Waypoint0006=321560.2907007,334944.67835194
Waypoint0007=306132.70476378,-350611.41076722

[NoSpawnCoordinates]
Waypoint0000=-314864.39460248,-291666.60146456
Waypoint0001=-314864.39460248,-291666.60146456
Waypoint0002=-322138.44274252,-590811.83122386
Waypoint0003=-61181.96571845,-634910.74807288
Waypoint0004=-49361.63749088,-609451.57958272
Waypoint0005=-12991.39679066,-709469.74150832
Waypoint0006=-26175.60904449,-872226.5686418
Waypoint0007=34289.91611962,-909051.43735077
Waypoint0008=97937.837345,-913143.08942955
Waypoint0009=120214.60977389,-970426.21853239
Waypoint0010=108848.90955507,-996794.64304005
Waypoint0011=177497.73887673,-1023163.0675477
Waypoint0012=258421.52443472,-1014070.5073727
Waypoint0013=293427.88110868,-973153.98658491
Waypoint0014=343180.57986871,-982246.54675996
Waypoint0015=345908.34792123,-1275026.9843967
Waypoint0016=-497708.69803063,-1233655.8356002
Waypoint0017=-478614.32166302,-327582.21415602
Waypoint0018=-458189.24911379,-307825.76301926
Waypoint0019=-420876.56455142,-283028.66929825
Waypoint0020=-314864.39460248,-291666.60146456
