[GUI]
DisplayName=Chilie Vs Argentina

[BriefingDescription]
briefing000=With the support of $BRIEFINGALLYCOALITION$ we are about to attack $BRIEFINGENEMYCOALITION$ in response to the {atrocities happening under their watch|election that didn't go our way|military coup that has taken place}.
briefing001=We are under threat of being attacked by $BRIEFINGENEMYCOALITION$ and therefore are taking control of this {conflict|flashpoint|situation} with a pre-emptive strike.

[Situation]
Theater=Falklands


[RedCoordinates]
Waypoint0000=-325643.32603939,-284089.88328295
Waypoint0001=-325643.32603939,-284089.88328295
Waypoint0002=-328449.67177243,-588859.02989127
Waypoint0003=-55672.86652079,-638250.7147928
Waypoint0004=-50060.17505471,-621412.64039455
Waypoint0005=-27048.14004377,-702235.39750614
Waypoint0006=-33783.36980307,-868932.33404881
Waypoint0007=26833.69803063,-911027.52004444
Waypoint0008=79031.72866521,-916640.21151052
Waypoint0009=105972.6477024,-954806.51347989
Waypoint0010=93063.45733041,-990727.73886282
Waypoint0011=178119.98541211,-1026087.6950991
Waypoint0012=258381.47337709,-1015984.8504602
Waypoint0013=296547.77534646,-978941.08678404
Waypoint0014=345939.46024799,-986237.58568995
Waypoint0015=348842.81546316,-526655.16409987
Waypoint0016=29411.3785558,-619243.78554407
Waypoint0017=-325643.32603939,-284089.88328295

[BlueCoordinates]
Waypoint0000=-314864.39460248,-291666.60146456
Waypoint0001=-314864.39460248,-291666.60146456
Waypoint0002=-322138.44274252,-590811.83122386
Waypoint0003=-61181.96571845,-634910.74807288
Waypoint0004=-49361.63749088,-609451.57958272
Waypoint0005=-12991.39679066,-709469.74150832
Waypoint0006=-26175.60904449,-872226.5686418
Waypoint0007=34289.91611962,-909051.43735077
Waypoint0008=97937.837345,-913143.08942955
Waypoint0009=120214.60977389,-970426.21853239
Waypoint0010=108848.90955507,-996794.64304005
Waypoint0011=177497.73887673,-1023163.0675477
Waypoint0012=258421.52443472,-1014070.5073727
Waypoint0013=293427.88110868,-973153.98658491
Waypoint0014=343180.57986871,-982246.54675996
Waypoint0015=345908.34792123,-1275026.9843967
Waypoint0016=-497708.69803063,-1233655.8356002
Waypoint0017=-478614.32166302,-327582.21415602
Waypoint0018=-458189.24911379,-307825.76301926
Waypoint0019=-420876.56455142,-283028.66929825
Waypoint0020=-314864.39460248,-291666.60146456

[NoSpawnCoordinates]
Waypoint0000=193398.97884756,-209569.83323253
Waypoint0001=193398.97884756,-209569.83323253
Waypoint0002=203099.92706054,186090.26888271
Waypoint0003=-95550.69292487,168074.22220146
Waypoint0004=-25565.28081692,-204026.43425368
Waypoint0005=83916.84901532,-228278.80478614
Waypoint0006=193398.97884756,-209569.83323253
