[GUI]
DisplayName=Island Hopping pt4

[Situation]
Theater=MarianaIslands
RelatedSituations=MarianaIslandsHoppingThree

[RedCoordinates]
Waypoint0000=-32055.285065763,410.68604307114
Waypoint0001=-20328.942184607,-6796.1288526391
Waypoint0002=-1602.28336255,7019.2256944856
Waypoint0003=7513.666003624,2060.543315929
Waypoint0004=5995.841732723,-14029.023706539
Waypoint0005=5269.828532017,-31188.236469503
Waypoint0006=3953.666965197,-64049.181609965
Waypoint0007=-10527.54752038,-148499.36643334
Waypoint0008=-86704.33045203,-153970.43587723
Waypoint0009=-20328.942184607,-6796.1288526391

[BlueCoordinates]
Waypoint0000=176789.10485004,103836.71279245
Waypoint0001=5395.24729001,16387.964273442
Waypoint0002=8585.40354586,8162.606752063
Waypoint0003=55065.65966181,-27027.0261516
Waypoint0004=179954.75184147,93359.024688877
Waypoint0005=184497.60137511,97744.32639858
Waypoint0006=194625.09270722,99917.744551173
Waypoint0007=201127.90853892,112945.71944982
Waypoint0008=220615.95223641,150219.92518936
Waypoint0009=203265.65189971,161597.17131178
Waypoint0010=180795.59080792,162237.14140617
Waypoint0011=188901.87867015,136069.47532459
Waypoint0012=5395.24729001,16387.964273442
