[GUI]
DisplayName=Island Hopping pt1

[Situation]
Theater=MarianaIslands
RelatedSituations=MarianaIslandsHoppingTwo

[RedCoordinates]
Waypoint0000=-32317.47533315,402.58430641168
Waypoint0001=-32317.47533315,402.58430641168
Waypoint0002=62691.670286998,89880.375558263
Waypoint0003=167104.12560206,106954.56730128
Waypoint0004=180796.50558454,95375.776175161
Waypoint0005=185575.05430326,78650.855659649
Waypoint0006=92171.34768757,24824.779366904
Waypoint0007=-10789.737787767,-148507.46817
Waypoint0008=-86966.520719417,-153978.53761389
Waypoint0009=-32317.47533315,402.58430641168

[BlueCoordinates]
Waypoint0000=176789.10485004,103836.71279245
Waypoint0001=176789.10485004,103836.71279245
Waypoint0002=178300.57475692,102639.16355854
Waypoint0003=178300.57475692,99465.076754101
Waypoint0004=180137.59202835,97244.378660152
Waypoint0005=184497.60137511,97744.32639858
Waypoint0006=194625.09270722,99917.744551173
Waypoint0007=201127.90853892,112945.71944982
Waypoint0008=220615.95223641,150219.92518936
Waypoint0009=203265.65189971,161597.17131178
Waypoint0010=180795.59080792,162237.14140617
Waypoint0011=188901.87867015,136069.47532459
Waypoint0012=176789.10485004,103836.71279245