[GUI]
DisplayName=Default

[Situation]
Theater=MarianaIslands

[RedCoordinates]
Waypoint0000=143174.4745751,77864.896531473
Waypoint0001=143174.4745751,77864.896531473
Waypoint0002=143174.4745751,77864.896531473
Waypoint0003=176514.24574004,54249.22528964
Waypoint0004=221893.37871454,118613.50573307
Waypoint0005=191563.44800199,134357.28656095
Waypoint0006=149888.73404582,98702.253509561
Waypoint0007=143174.4745751,89209.679775098
Waypoint0008=143174.4745751,77864.896531473

[BlueCoordinates]
Waypoint0000=-9169.7575535857,-55957.240505578
Waypoint0001=-9169.7575535857,-55957.240505578
Waypoint0002=-9169.7575535857,-55957.240505578
Waypoint0003=97563.815411954,44293.599177892
Waypoint0004=78810.194131673,67909.270419722
Waypoint0005=-62652.307130678,19288.770804183
Waypoint0006=-45982.421548208,-38361.250168526
Waypoint0007=-9169.7575535857,-55957.240505578