[GUI]
DisplayName=Island Hopping pt2

[Situation]
Theater=MarianaIslands

[RedCoordinates]
Waypoint0000=-32055.285065763,271.48917271838
Waypoint0001=-32055.285065763,271.48917271838
Waypoint0002=62953.860554385,89749.280424569
Waypoint0003=150427.49120972,90508.879132242
Waypoint0004=156478.5626972,84476.148919549
Waypoint0005=105869.21301774,42206.408492912
Waypoint0006=92433.537954957,24693.68423321
Waypoint0007=-10527.54752038,-148638.56330369
Waypoint0008=-86704.33045203,-154109.63274758
Waypoint0009=-32055.285065763,271.48917271838

[BlueCoordinates]
Waypoint0000=176789.10485004,103836.71279245
Waypoint0001=155808.19340516,89026.657654885
Waypoint0002=163536.22966607,85772.156318536
Waypoint0003=171626.90793567,85523.512504232
Waypoint0004=179954.75184147,93359.024688877
Waypoint0005=184497.60137511,97744.32639858
Waypoint0006=194625.09270722,99917.744551173
Waypoint0007=201127.90853892,112945.71944982
Waypoint0008=220615.95223641,150219.92518936
Waypoint0009=203265.65189971,161597.17131178
Waypoint0010=180795.59080792,162237.14140617
Waypoint0011=188901.87867015,136069.47532459
Waypoint0012=155808.19340516,89026.657654885