[GUI]
DisplayName=Rangers

[Situation]
Theater=Nevada

[RedCoordinates]
Waypoint0000=-112652.02702703,104594.59459459
Waypoint0001=-112652.02702703,104594.59459459
Waypoint0002=-225304.05405406,-23564.18918919
Waypoint0003=-342060.81081081,23868.243243239
Waypoint0004=-355743.24324325,166621.62162162
Waypoint0005=-198395.27027027,173918.91891891
Waypoint0006=-113564.18918919,102314.18918918
Waypoint0007=-198395.27027027,174831.08108108
Waypoint0008=-112652.02702703,104594.59459459

[BlueCoordinates]
Waypoint0000=-45608.108108108,-359695.94594595
Waypoint0001=-45608.108108108,-359695.94594595
Waypoint0002=-78445.945945946,-235641.8918919
Waypoint0003=-204324.32432433,-233361.48648649
Waypoint0004=-252212.83783784,-375202.70270271
Waypoint0005=-141841.21621622,-403023.64864865
Waypoint0006=-45608.108108108,-359695.94594595
Waypoint0009=-97279.411764706,-313014.70588235
