[GUI]
DisplayName=Delta

[Situation]
Theater=Nevada

[RedCoordinates]
Waypoint0000=-434442.56756757,-445895.27027027
Waypoint0001=-434442.56756757,-445895.27027027
Waypoint0002=-439915.54054054,-109307.43243243
Waypoint0003=-338665.54054054,-51841.21621622
Waypoint0004=-333192.56756757,111435.81081081
Waypoint0005=-367398.64864865,149746.62162162
Waypoint0006=-259307.43243243,214054.05405405
Waypoint0007=-8209.45945946,219070.94594595
Waypoint0008=-434442.56756757,-445895.27027027

[BlueCoordinates]
Waypoint0000=-497486.63101604,223556.14973262
Waypoint0001=-497486.63101604,223556.14973262
Waypoint0002=-355267.37967914,81697.86096257
Waypoint0003=-363208.55614973,-39224.59893048
Waypoint0004=-427098.93048128,-74598.93048128
Waypoint0005=-527446.52406417,-48970.58823529
Waypoint0006=-599278.07486631,64732.62032086
Waypoint0007=-598556.14973262,223917.11229946
Waypoint0008=-497486.63101604,223556.14973262
