[GUI]
DisplayName=Training Situation 1

[Situation]
Theater=Nevada

[RedCoordinates]
Waypoint0000=-350279.46559457,-163443.39622642
Waypoint0001=-350279.46559457,-163443.39622642
Waypoint0002=-350279.46559457,-163443.39622642
Waypoint0003=-240751.16370778,-287299.52830189
Waypoint0004=-136953.99389646,-78113.207547175
Waypoint0005=-222920.97502853,67712.26415094
Waypoint0006=-222920.97502853,67712.26415094
Waypoint0007=-350279.46559457,-163443.39622642

[BlueCoordinates]
Waypoint0000=-344952.35422872,-95557.768924303
Waypoint0001=-344952.35422872,-95557.768924303
Waypoint0002=-344952.35422872,-95557.768924303
Waypoint0003=-310798.96777454,89462.151394427
Waypoint0004=-536157.53351159,49661.354581677
Waypoint0005=-506575.86020482,-34780.876494024
Waypoint0006=-415679.44586219,-130249.00398406
Waypoint0007=-415679.44586219,-130249.00398406
Waypoint0008=-344952.35422872,-95557.768924303