[GUI]
DisplayName=Rangers

[Situation]
Theater=Nevada

[RedCoordinates]
Waypoint0000=-295708.55614973,-189745.98930481
Waypoint0001=-295708.55614973,-189745.98930481
Waypoint0002=-266109.62566845,-62687.1657754
Waypoint0003=-302566.84491978,-38141.71122994
Waypoint0004=-375481.28342246,-70628.34224599
Waypoint0005=-368983.95721925,-187219.2513369
Waypoint0006=-351657.75401069,-194077.54010695
Waypoint0007=-295708.55614973,-189745.98930481

[BlueCoordinates]
Waypoint0000=-440454.54545455,-58355.614973262
Waypoint0001=-440454.54545455,-58355.614973262
Waypoint0002=-449117.64705883,36216.577540107
Waypoint0003=-520227.27272728,67620.320855618
Waypoint0004=-570762.03208557,24665.77540107
Waypoint0005=-514090.90909091,-56911.764705882
Waypoint0006=-440454.54545455,-58355.614973262
