[GUI]
DisplayName=Invasion

[Situation]
Theater=Nevada

[RedCoordinates]
Waypoint0000=-220014.70588235,-218514.70588235
Waypoint0001=-220014.70588235,-218514.70588235
Waypoint0002=-208102.94117647,-92250
Waypoint0003=-310941.17647058,-6088.23529411
Waypoint0004=-584117.64705882,-207794.11764706
Waypoint0005=-562279.4117647,-440073.52941176
Waypoint0006=-277588.23529412,-400367.64705882
Waypoint0007=-220014.70588235,-218514.70588235

[BlueCoordinates]
Waypoint0000=-97279.411764706,-313014.70588235
Waypoint0001=-97279.411764706,-313014.70588235
Waypoint0002=-181852.94117647,-321750
Waypoint0003=-206470.5882353,-205411.76470588
Waypoint0004=-195750,-79147.05882353
Waypoint0005=-297000,4235.29411765
Waypoint0006=-135794.11764706,172191.17647059
Waypoint0007=-14294.117647059,64191.17647059
Waypoint0008=-36132.352941177,-207397.05882353
Waypoint0009=-97279.411764706,-313014.70588235
