[GUI]
DisplayName=UFOs

[Situation]
Theater=Nevada

[RedCoordinates]
Waypoint0000=-32381.756756757,101402.02702703
Waypoint0001=-32381.756756757,101402.02702703
Waypoint0002=-137280.40540541,80878.378378381
Waypoint0003=-190641.8918919,-57314.18918919
Waypoint0004=-360760.13513514,-60050.67567567
Waypoint0005=-381739.86486487,-221959.45945946
Waypoint0006=-153243.24324325,-324121.62162162
Waypoint0007=-10033.783783784,-176351.35135135
Waypoint0008=-32381.756756757,101402.02702703

[BlueCoordinates]
Waypoint0000=-152787.16216216,109611.48648649
Waypoint0001=-152787.16216216,109611.48648649
Waypoint0002=-203412.16216216,-24932.43243243
Waypoint0003=-358479.72972973,-31317.56756756
Waypoint0004=-380827.7027027,175287.16216217
Waypoint0005=-215270.27027027,218614.86486487
Waypoint0006=-21891.89189189,200371.62162163
Waypoint0007=-35574.32432432,128310.81081081
Waypoint0008=-152787.16216216,109611.48648649