[GUI]
DisplayName=Conflict

[Situation]
Theater=Nevada

[RedCoordinates]
Waypoint0000=-362559.79910392,188218.40222576
Waypoint0001=-362559.79910392,188218.40222576
Waypoint0002=-368335.20017344,78124.81933806
Waypoint0003=-415621.29643012,-148920.6352074
Waypoint0004=-580581.18947825,-164442.02558173
Waypoint0005=-580220.22691141,199408.24179795
Waypoint0006=-409123.97022691,214207.70703859
Waypoint0007=-362559.79910392,188218.40222576

[BlueCoordinates]
Waypoint0000=-20935.828877005,-236310.16042781
Waypoint0001=-20935.828877005,-236310.16042781
Waypoint0002=-216938.5026738,-247500
Waypoint0003=-318008.02139037,-139211.22994653
Waypoint0004=-259893.04812834,196483.95721925
Waypoint0005=-10828.877005347,208756.68449198
Waypoint0006=-20935.828877005,-236310.16042781