[GUI]
DisplayName=Viva Las Vegas

[Situation]
Theater=Nevada

[RedCoordinates]
Waypoint0000=0,-449543.91891892
Waypoint0001=0,-449543.91891892
Waypoint0002=-2736.4864864865,90000
Waypoint0003=-237162.16216216,43479.72972973
Waypoint0004=-298277.02702703,-226064.18918919
Waypoint0005=-284138.51351351,-448631.75675676
Waypoint0006=0,-449543.91891892

[BlueCoordinates]
Waypoint0000=-308108.10810811,223175.67567568
Waypoint0001=-308108.10810811,223175.67567568
Waypoint0002=-349155.40540541,-12618.24324324
Waypoint0003=-433530.40540541,-116148.64864864
Waypoint0004=-597263.51351352,-110675.67567567
Waypoint0005=-600000,223631.75675676
Waypoint0006=-308564.18918919,222719.5945946
Waypoint0007=-308564.18918919,222263.51351352
Waypoint0008=-308108.10810811,223175.67567568