[GUI]
DisplayName=Casino Royal

[Situation]
Theater=Nevada

[RedCoordinates]
Waypoint0000=-196804.81283422,-89037.43315508
Waypoint0001=-196804.81283422,-89037.43315508
Waypoint0002=-212326.20320855,56791.44385027
Waypoint0003=-337580.21390374,85668.44919786
Waypoint0004=-451933.15508021,-4500
Waypoint0005=-369344.91978609,-137117.64705882
Waypoint0006=-292315.50802139,-145455.88235294
Waypoint0007=-196804.81283422,-89037.43315508

[BlueCoordinates]
Waypoint0000=-153661.76470588,-325720.58823529
Waypoint0001=-153661.76470588,-325720.58823529
Waypoint0002=-233867.64705882,-302294.11764706
Waypoint0003=-254117.64705882,-172455.88235294
Waypoint0004=-187014.70588235,-119647.05882353
Waypoint0005=-116735.29411764,-164911.76470588
Waypoint0006=-109985.29411764,-283632.35294117
Waypoint0007=-153661.76470588,-325720.58823529