[GUI]
DisplayName=Casino

[Situation]
Theater=Nevada

[RedCoordinates]
Waypoint0000=-293969.59459459,-202804.05405405
Waypoint0001=-293969.59459459,-202804.05405405
Waypoint0002=-265236.48648648,-62331.08108108
Waypoint0003=-343682.43243243,-27668.91891891
Waypoint0004=-434898.64864864,-94256.75675675
Waypoint0005=-397500,-192314.18918919
Waypoint0006=-293969.59459459,-202804.05405405

[BlueCoordinates]
Waypoint0000=-336587.83783784,152.02702702695
Waypoint0001=-336587.83783784,152.02702702695
Waypoint0002=-238074.32432433,-44543.918918919
Waypoint0003=-270912.16216216,-203260.13513513
Waypoint0004=-150506.75675676,-332331.08108108
Waypoint0005=-5929.05405406,-111131.75675675
Waypoint0006=-85743.24324325,152027.02702703
Waypoint0007=-361672.2972973,175287.16216217
Waypoint0008=-336587.83783784,152.02702702695