[GUI]
DisplayName=-Default-

[Situation]
Theater=Normandy

[RedCoordinates]
Waypoint0000=136095.7706934,136497.40204937
Waypoint0001=136095.7706934,136497.40204937
Waypoint0002=136095.7706934,136497.40204937
Waypoint0003=15010.9437525,21572.41368831
Waypoint0004=-24166.33359686,114.35200233999
Waypoint0005=-19675.81127215,-52873.81142918
Waypoint0006=-14158.88384466,-71734.00519294
Waypoint0007=18686.07944462,-82511.25877223
Waypoint0008=7652.22458963,-109967.59527186
Waypoint0009=-81639.90848664,-222136.79245283
Waypoint0010=-117776.70093947,-180679.24528302
Waypoint0011=-119771.98395834,141004.71698113
Waypoint0012=-39738.96509042,137900.94339623
Waypoint0013=136095.7706934,136497.40204937

[BlueCoordinates]
Waypoint0000=215131.47410359,125398.4063745
Waypoint0001=215131.47410359,125398.4063745
Waypoint0002=215131.47410359,125398.4063745
Waypoint0003=157645.4183267,106111.55378486
Waypoint0004=107087.64940239,-88816.73306773
Waypoint0005=72820.71713148,-278501.99203188
Waypoint0006=217378.48605578,-278876.49402391
Waypoint0007=218501.99203188,27466.135458166
Waypoint0008=215131.47410359,125398.4063745