[GUI]
DisplayName=Civil War in Iran

[Situation]
Theater=PersianGulf

[RedCoordinates]
Waypoint0000=223377.29560485,-450215.82887094
Waypoint0001=188834.81094489,-523156.72022446
Waypoint0002=195270.4705311,-429996.96729137
Waypoint0003=201200.57366985,-407694.84415013
Waypoint0004=240201.37296634,-377039.25937632
Waypoint0005=247551.69802718,-312356.3988409
Waypoint0006=268949.31098208,-300269.19762973
Waypoint0007=284793.34500212,-273318.00573997
Waypoint0008=299510.53029982,-136022.6109364
Waypoint0009=368737.51557328,-9526.69949003
Waypoint0010=316870.98159596,98673.04352264
Waypoint0011=327272.96415075,192134.24087432
Waypoint0012=754634.75749524,135584.80039033
Waypoint0013=730119.84368216,-760310.16794127
Waypoint0014=182388.38067117,-635288.34880487
Waypoint0015=188834.81094489,-523156.72022446

[BlueCoordinates]
Waypoint0000=195353.17905679,-414092.03043787
Waypoint0001=-322902.50392773,-796383.94738329
Waypoint0002=132394.76735942,-741023.50548503
Waypoint0003=194158.7150235,-401332.25142101
Waypoint0004=155920.99858761,-335893.116163
Waypoint0005=119372.50223145,-283547.10123532
Waypoint0006=105984.77462847,-238564.33648928
Waypoint0007=98257.17744011,-237702.0463421
Waypoint0008=88652.70116818,-194579.90797833
Waypoint0009=92572.89556489,-183407.35394771
Waypoint0010=118250.16886331,-177527.06235265
Waypoint0011=132754.88813113,-141853.29334262
Waypoint0012=135499.02420882,-111863.80620782
Waypoint0013=115070.47041624,-6725.73539101
Waypoint0014=75869.64903149,113532.06410964
Waypoint0015=-355538.02474067,306007.99672971
Waypoint0016=-352645.51257917,30470.14230627
Waypoint0017=-322902.50392773,-796383.94738329

[NoSpawnCoordinates]
Waypoint0000=68532.300296207,127357.01247165
Waypoint0001=75815.529973509,113186.3808169
Waypoint0002=188312.87058365,147812.88716349
Waypoint0003=330613.53079947,194444.73500694
Waypoint0004=431109.01973671,179696.09715118
Waypoint0005=754806.84777646,139962.35432221
Waypoint0006=759340.78175043,356194.70205013
Waypoint0007=-128220.18118451,381266.63792259
Waypoint0008=-129878.6193197,208225.86739569
Waypoint0009=53779.638142243,123738.57953789
Waypoint0010=75815.529973509,113186.3808169