[GUI]
DisplayName=Default

[Situation]
Theater=PersianGulf

[RedCoordinates]
Waypoint0000=21239.099699307,-223533.58096865
Waypoint0001=21239.099699307,-223533.58096865
Waypoint0002=21239.099699307,-223533.58096865
Waypoint0003=54290.01540638,20792.17565073
Waypoint0004=75626.682508415,55934.92146584
Waypoint0005=-33985.215153018,97771.5236267
Waypoint0006=-87117.699897303,174750.87160266
Waypoint0007=-97158.484415903,272230.15463745
Waypoint0008=531010.3990945,223328.83327411
Waypoint0009=575050.2103629,-478098.64748737
Waypoint0010=474151.44452254,-662358.72832748
Waypoint0011=194230.43739908,-480118.4893148
Waypoint0012=194230.43739908,-480118.4893148
Waypoint0013=21239.099699307,-223533.58096865

[BlueCoordinates]
Waypoint0000=-255815.07318725,-424693.53091633
Waypoint0001=-255815.07318725,-424693.53091633
Waypoint0002=-255815.07318725,-424693.53091633
Waypoint0003=-181907.36864542,-437451.40848605
Waypoint0004=-12918.28206414,-170042.77521019
Waypoint0005=21076.62246422,-99811.22669447
Waypoint0006=35104.33118187,16566.80118528
Waypoint0007=11465.0442688,66702.87123169
Waypoint0008=-144606.72337899,35562.91651282
Waypoint0009=-226551.14248744,103331.29687254
Waypoint0010=-318522.51583278,-251069.67184542
Waypoint0011=-290170.43833535,-328865.00644205
Waypoint0012=-255815.07318725,-424693.53091633