[GUI]
DisplayName=Delta 16

[Situation]
Theater=PersianGulf

[RedCoordinates]
Waypoint0000=57541.29964527,132933.95141757
Waypoint0001=57541.29964527,132933.95141757
Waypoint0002=38257.532062162,8331.14549595
Waypoint0003=-58655.76143243,-47047.87935811
Waypoint0004=-80411.80691081,-158794.84022432
Waypoint0005=-113045.87512838,-321470.72573311
Waypoint0006=-267810.4713723,-324437.45920743
Waypoint0007=-334067.51896554,-274497.44572297
Waypoint0008=-336045.34128176,37009.569081083
Waypoint0009=-168424.89998243,248636.55691622
Waypoint0010=5623.463844594,244186.45670473
Waypoint0011=57541.29964527,132933.95141757

[BlueCoordinates]
Waypoint0000=677162.16216216,-730000
Waypoint0001=677162.16216216,-730000
Waypoint0002=62635.13513513,-454324.32432432
Waypoint0003=-67162.16216216,-160270.27027027
Waypoint0004=-48783.78378379,-59189.18918919
Waypoint0005=52297.2972973,-608.10810811003
Waypoint0006=69527.02702702,122297.2972973
Waypoint0007=298108.10810811,295743.2432432
Waypoint0008=495675.67567567,260135.13513514
Waypoint0009=678310.81081081,-228040.54054054
Waypoint0010=677162.16216216,-730000