[GUI]
DisplayName=Beach Holiday

[Situation]
Theater=PersianGulf

[RedCoordinates]
Waypoint0000=-169853.46621108,-223546.60183176
Waypoint0001=-169853.46621108,-223546.60183176
Waypoint0002=-237049.97940453,-279617.86449649
Waypoint0003=-299351.38236534,-270717.66407352
Waypoint0004=-346077.43458595,-191505.88030906
Waypoint0005=-258855.47044081,-105618.94622737
Waypoint0006=-167628.41610534,-131874.53747514
Waypoint0007=-169853.46621108,-223546.60183176

[BlueCoordinates]
Waypoint0000=512195.9123811,32334.160328717
Waypoint0001=512195.9123811,32334.160328717
Waypoint0002=396938.3169036,-15281.911934189
Waypoint0003=273225.53102427,39899.330688244
Waypoint0004=184223.52679454,218348.34916886
Waypoint0005=316836.51309684,317140.57386386
Waypoint0006=481045.21090069,254839.17090305
Waypoint0007=512195.9123811,32334.160328717