[GUI]
DisplayName=Rebel Scum

[Situation]
Theater=PersianGulf

[RedCoordinates]
Waypoint0000=35590.179730879,-19287.002124527
Waypoint0001=35590.179730879,-19287.002124527
Waypoint0002=-62312.024921824,-107398.98631196
Waypoint0003=-128618.51807297,-102948.88610047
Waypoint0004=-170449.46006094,-74023.234725811
Waypoint0005=-161104.24961682,36339.250519054
Waypoint0006=32475.109582838,59924.781639932
Waypoint0007=35590.179730879,-19287.002124527

[BlueCoordinates]
Waypoint0000=-189139.88094919,-251137.22314297
Waypoint0001=-189139.88094919,-251137.22314297
Waypoint0002=-161994.26965912,-157685.11870175
Waypoint0003=-208275.31185858,-128314.45730594
Waypoint0004=-326202.96746297,-165695.29908243
Waypoint0005=-314632.70691311,-289408.08496175
Waypoint0006=-242541.08348703,-292078.14508865
Waypoint0007=-189139.88094919,-251137.22314297