[GUI]
DisplayName=Island Hopping

[Situation]
Theater=PersianGulf

[RedCoordinates]
Waypoint0000=462914.61916462,-430909.09090909
Waypoint0001=462914.61916462,-430909.09090909
Waypoint0002=565641.89189189,-163636.36363636
Waypoint0003=522005.52825553,104545.45454546
Waypoint0004=395641.89189189,139090.90909091
Waypoint0005=258369.16461917,-212727.27272727
Waypoint0006=309278.25552826,-440909.09090909
Waypoint0007=462914.61916462,-430909.09090909

[BlueCoordinates]
Waypoint0000=-70000,6363.6363636353
Waypoint0001=-70000,6363.6363636353
Waypoint0002=-191818.18181818,-110909.09090909
Waypoint0003=-265454.54545455,-99090.909090915
Waypoint0004=-275454.54545455,63636.363636362
Waypoint0005=-110909.09090909,94545.454545453
Waypoint0006=-70000,6363.6363636353