[GUI]
DisplayName=Over Par

[Situation]
Theater=PersianGulf

[RedCoordinates]
Waypoint0000=79646.171824601,-167030.32914588
Waypoint0001=79646.171824601,-167030.32914588
Waypoint0002=22684.889117573,-167920.34918818
Waypoint0003=-6240.76225709,-112294.0965446
Waypoint0004=12449.658631154,-29522.23261094
Waypoint0005=74306.051570817,21653.91982115
Waypoint0006=128597.27415095,41679.37077284
Waypoint0007=144617.6349123,-7271.73155351
Waypoint0008=129042.2841721,-113184.11658689
Waypoint0009=79646.171824601,-167030.32914588

[BlueCoordinates]
Waypoint0000=-28491.263314523,-23292.092314865
Waypoint0001=-28491.263314523,-23292.092314865
Waypoint0002=-68097.155196753,-47322.633456892
Waypoint0003=-120163.32767115,-33527.322801284
Waypoint0004=-134848.65836905,30554.120244123
Waypoint0005=-28491.263314523,-23292.092314865