[GUI]
DisplayName=Oil Invasion

[Situation]
Theater=PersianGulf

[RedCoordinates]
Waypoint0000=796700,-280700
Waypoint0001=796700,-280700
Waypoint0002=640500,-194900
Waypoint0003=599800,-73900
Waypoint0004=110300,-36500
Waypoint0005=43200,40500
Waypoint0006=-50300,80100
Waypoint0007=-118500,224200
Waypoint0008=-114100,503600
Waypoint0009=103700,622400
Waypoint0010=506300,577300
Waypoint0011=791200,327600
Waypoint0012=796700,-280700

[BlueCoordinates]
Waypoint0000=-121227.03521977,-155565.74705626
Waypoint0001=-121227.03521977,-155565.74705626
Waypoint0002=-112367.11605683,-69076.059989455
Waypoint0003=-151603.90092128,-6212.82402383
Waypoint0004=-244000.20076338,-4525.22037374
Waypoint0005=-305175.83307893,-95233.916565757
Waypoint0006=-286612.192928,-217163.28028433
Waypoint0007=-143165.88267086,-284245.52537517
Waypoint0008=-52035.285566326,-252181.05602357
Waypoint0009=-54566.691041452,-174551.28811971
Waypoint0010=-121227.03521977,-155565.74705626