[GUI]
DisplayName=Desert Storm

[Situation]
Theater=PersianGulf

[RedCoordinates]
Waypoint0000=800000,-791818.18181818
Waypoint0001=800000,-791818.18181818
Waypoint0002=794545.45454545,-94545.45454545
Waypoint0003=135454.54545455,-86363.63636363
Waypoint0004=-3636.36363636,-210909.09090909
Waypoint0005=-14545.45454545,-554545.45454545
Waypoint0006=349090.90909091,-851818.18181818
Waypoint0007=800000,-791818.18181818

[BlueCoordinates]
Waypoint0000=795405.40540541,-53445.945945946
Waypoint0001=345135.13513514,156756.75675675
Waypoint0002=140675.67567568,-51148.648648649
Waypoint0003=57972.97297298,-84459.45945946
Waypoint0004=13175.67567568,-40810.810810811
Waypoint0005=-40810.81081081,-22432.432432432
Waypoint0006=-114324.32432432,130337.83783783
Waypoint0007=-140743.24324324,484121.62162162
Waypoint0008=345135.13513514,156756.75675675