[GUI]
DisplayName=Rebellion

[Situation]
Theater=PersianGulf

[RedCoordinates]
Waypoint0000=59189.189189189,24662.162162162
Waypoint0001=59189.189189189,24662.162162162
Waypoint0002=-245202.7027027,-339459.45945946
Waypoint0003=-391081.08108108,-285472.97297297
Waypoint0004=-397972.97297297,114256.75675676
Waypoint0005=59189.189189189,24662.162162162

[BlueCoordinates]
Waypoint0000=774729.72972973,-802364.86486486
Waypoint0001=774729.72972973,-802364.86486486
Waypoint0002=107364.86486487,-439391.89189189
Waypoint0003=-8648.6486486499,-156824.32432432
Waypoint0004=80945.94594595,40743.24324325
Waypoint0005=-112027.02702703,99324.32432433
Waypoint0006=-132702.7027027,703513.51351354
Waypoint0007=775878.37837838,725337.83783784
Waypoint0008=774729.72972973,-802364.86486486