[GUI]
DisplayName=Civil War in Iran

[Situation]
Theater=PersianGulf
[RedCoordinates]
Waypoint0000=280140.90222054,-498333.41968922
Waypoint0001=281839.50831806,-535440.7574426
Waypoint0002=317269.4604389,-103420.57318488
Waypoint0003=385038.33069776,187219.49011766
Waypoint0004=607264.66094296,185737.28962523
Waypoint0005=562499.22658246,-655386.21340869
Waypoint0006=281839.50831806,-535440.7574426

[BlueCoordinates]
Waypoint0000=110987.62559024,-317480.88690784
Waypoint0001=85625.460341098,-320254.87373197
Waypoint0002=89588.298661277,172325.92946621
Waypoint0003=-280144.51661137,210765.46117194
Waypoint0004=-295995.86989208,-346805.89047717
Waypoint0005=85625.460341098,-320254.87373197