[GUI]
DisplayName=Surfing Destruction

[Situation]
Theater=PersianGulf

[RedCoordinates]
Waypoint0000=429090.90909091,-841818.18181818
Waypoint0001=429090.90909091,-841818.18181818
Waypoint0002=-130000,-783636.36363636
Waypoint0003=-372727.27272727,-571818.18181818
Waypoint0004=-438181.81818182,-107272.72727273
Waypoint0005=-195454.54545455,-114545.45454545
Waypoint0006=-124545.45454546,-173636.36363636
Waypoint0007=-9090.90909091,-44545.45454545
Waypoint0008=160000,110000
Waypoint0009=363636.36363636,260909.09090912
Waypoint0010=785454.54545454,222727.27272732
Waypoint0011=777272.72727273,-841818.18181818
Waypoint0012=429090.90909091,-841818.18181818

[BlueCoordinates]
Waypoint0000=30472.972972973,789662.16216216
Waypoint0001=30472.972972973,789662.16216216
Waypoint0002=33918.918918919,153310.81081081
Waypoint0003=-128040.54054054,-61486.48648649
Waypoint0004=-225675.67567568,-9797.2972973
Waypoint0005=-445067.56756757,312972.97297297
Waypoint0006=-451959.45945946,788513.51351351
Waypoint0007=30472.972972973,789662.16216216