[GUI]
DisplayName=Conflict Black

[Situation]
Theater=PersianGulf

[RedCoordinates]
Waypoint0000=752905.40540541,-728851.35135135
Waypoint0001=752905.40540541,-728851.35135135
Waypoint0002=231418.91891892,-530135.13513513
Waypoint0003=-16689.18918918,-210810.81081081
Waypoint0004=26959.45945946,-109729.72972973
Waypoint0005=99324.32432433,-107432.43243243
Waypoint0006=184324.32432433,32702.7027027
Waypoint0007=118851.35135136,151013.51351351
Waypoint0008=540.54054055002,147567.56756757
Waypoint0009=54527.02702703,649527.02702705
Waypoint0010=626554.05405406,686283.78378375
Waypoint0011=768986.48648649,14324.32432433
Waypoint0012=752905.40540541,-728851.35135135

[BlueCoordinates]
Waypoint0000=31295.063878303,-102516.32217591
Waypoint0001=31295.063878303,-102516.32217591
Waypoint0002=95528.700350941,-99888.582502029
Waypoint0003=176988.63024124,33834.16979101
Waypoint0004=115966.67559224,141571.49642012
Waypoint0005=-8996.944454534,138030.64006028
Waypoint0006=54.158866611,229746.76103256
Waypoint0007=-114297.80501131,245650.0142871
Waypoint0008=-170337.84028923,82073.6950975
Waypoint0009=-183211.90244767,-88318.304058344
Waypoint0010=-126414.56939573,-201155.67238821
Waypoint0011=-21994.540245033,-205590.05217094
Waypoint0012=21637.644651401,-103139.97096804
Waypoint0013=31295.063878303,-102516.32217591