[GUI]
DisplayName=Peacetime National Control

[Situation]
Theater=SinaiMap

[RedCoordinates]
Waypoint0000=376528.3018868,267584.90566038
Waypoint0001=376528.3018868,267584.90566038
Waypoint0002=139841.70000001,279067.94339623
Waypoint0003=-65270.01509433,351078.01320755
Waypoint0004=-67349.72830188,364596.14905661
Waypoint0005=63932.16792453,386433.13773585
Waypoint0006=103706.68301887,411129.73207548
Waypoint0007=291660.76415095,418319.53773585
Waypoint0008=311678.00377359,440936.41886793
Waypoint0009=370689.86603774,438336.77735849
Waypoint0010=374589.32830189,425858.49811321
Waypoint0011=362630.9773585,409480.75660378
Waypoint0012=339234.20377359,370486.13396227
Waypoint0013=485074.09245284,424818.64150944
Waypoint0014=487153.80566038,558700.17924529
Waypoint0015=-445245.28301887,556830.18867925
Waypoint0016=-445245.28301887,-276830.18867924
Waypoint0017=382867.92452831,-276037.73584905
Waypoint0018=376528.3018868,267584.90566038

[BlueCoordinates]
Waypoint0000=171652.02544226,311107.69408192
Waypoint0001=171652.02544226,311107.69408192
Waypoint0002=165447.48703968,319007.88273116
Waypoint0003=149030.5096515,302667.98035419
Waypoint0004=138586.84563225,300509.88004025
Waypoint0005=129106.61925316,290413.05357146
Waypoint0006=-32969.97872761,349488.59010372
Waypoint0007=-61564.98876646,353356.83546653
Waypoint0008=-62503.94777685,358867.08028978
Waypoint0009=-55281.08645166,360737.91978057
Waypoint0010=-50734.23604366,360761.60129311
Waypoint0011=-43037.74446764,364645.36934994
Waypoint0012=-37709.40414577,363484.9752354
Waypoint0013=-8960.04792025,368150.2332061
Waypoint0014=27198.78529595,374204.98566165
Waypoint0015=63980.36162287,378251.85836265
Waypoint0016=105618.18519099,400284.83195702
Waypoint0017=137183.79225884,397407.05581408
Waypoint0018=168389.67730881,403612.26062229
Waypoint0019=192670.91351485,410986.56198856
Waypoint0020=293047.42062506,409215.02826736
Waypoint0021=307981.33877748,432470.90081007
Waypoint0022=368743.00576407,428936.92017858
Waypoint0023=354265.08511248,412863.00827406
Waypoint0024=358711.06074565,406707.04201276
Waypoint0025=338989.16883443,402033.06762917
Waypoint0026=332491.20444749,386073.15509986
Waypoint0027=337344.69678675,363960.83180273
Waypoint0028=374896.69431474,281169.02622922
Waypoint0029=141601.21360938,283238.82136856
Waypoint0030=171652.02544226,311107.69408192