[GUI]
DisplayName=Israeli Sinai Occupation

[Situation]
Theater=SinaiMap



[RedCoordinates]
Waypoint0000=375663.97872688,84132.075471698
Waypoint0001=375663.97872688,84132.075471698
Waypoint0002=124060.20514197,96415.094339623
Waypoint0003=62532.65286473,90092.390023604
Waypoint0004=19397.40181588,99763.282607509
Waypoint0005=-14220.46288055,114346.37459911
Waypoint0006=-79100.01249885,136037.73584906
Waypoint0007=-262949.06910262,256094.33962264
Waypoint0008=-444849.05660377,328603.77358491
Waypoint0009=-427415.09433962,-273660.37735849
Waypoint0010=384849.05660377,-279603.7735849
Waypoint0011=378905.66037736,-111207.54716981
Waypoint0012=375663.97872688,84132.075471698

[BlueCoordinates]
Waypoint0000=373177.15723297,101566.03773585
Waypoint0001=373177.15723297,101566.03773585
Waypoint0002=99384.70440278,120584.90566038
Waypoint0003=3497.91194995,139207.54716981
Waypoint0004=-144690.76729533,187943.39622642
Waypoint0005=-248105.86163495,291754.71698113
Waypoint0006=-46426.61635194,361886.79245283
Waypoint0007=71648.85534618,380905.66037736
Waypoint0008=146931.8742141,397547.16981132
Waypoint0009=221818.66666693,406264.1509434
Waypoint0010=337913.00628958,367830.18867925
Waypoint0011=373177.15723297,101566.03773585

[NoSpawnCoordinates]
Waypoint0000=335752.94404536,361094.33962264
Waypoint0001=335752.94404536,361094.33962264
Waypoint0002=221243.5100831,400716.98113207
Waypoint0003=-48982.90501124,352773.58490566
Waypoint0004=-228473.47104898,316716.98113207
Waypoint0005=-430548.94274709,500962.26415094
Waypoint0006=-435699.88614332,558811.32075472
Waypoint0007=495245.28301887,556830.18867924
Waypoint0008=495641.50943396,402301.88679245
Waypoint0009=335752.94404536,361094.33962264