[GUI]
DisplayName=Turkish invasion of Cyprus

[Situation]
Theater=Syria

[RedCoordinates]
Waypoint0000=227848.23431389,-424199.547892
Waypoint0001=227848.23431389,-424199.547892
Waypoint0002=227848.23431389,-424199.547892
Waypoint0003=26079.91591827,-282770.85143547
Waypoint0004=29191.85638122,-261285.54460188
Waypoint0005=30882.01529641,-242340.0423433
Waypoint0006=27305.16735962,-231707.76358614
Waypoint0007=27187.24929577,-230528.58294764
Waypoint0008=27934.06370016,-226087.00254262
Waypoint0009=28841.53386225,-210323.17081112
Waypoint0010=23942.1741238,-190584.86201576
Waypoint0011=15641.1367642,-179931.30394696
Waypoint0012=12011.53338429,-172705.70462585
Waypoint0013=101477.82489115,3937.09887681
Waypoint0014=138347.42477165,61193.41869123
Waypoint0015=201676.38456639,73483.28531807
Waypoint0016=177819.58464372,145053.6850861
Waypoint0017=212375.79786505,219082.0581795
Waypoint0018=186783.95794799,273591.23133617
Waypoint0019=202688.49122978,378850.32432835
Waypoint0020=298591.20745574,358537.81204222
Waypoint0021=298309.44894689,-426723.15212867
Waypoint0022=274078.2171856,-427004.91063752
Waypoint0023=227848.23431389,-424199.547892

[BlueCoordinates]
Waypoint0000=10878.803025926,-172794.11825385
Waypoint0001=10878.803025926,-172794.11825385
Waypoint0002=10878.803025926,-172794.11825385
Waypoint0003=14968.152320886,-182112.47156532
Waypoint0004=23012.773884742,-192972.71067652
Waypoint0005=27035.08466667,-212145.72540371
Waypoint0006=25627.275892995,-232123.20228729
Waypoint0007=29917.740727051,-242447.13329423
Waypoint0008=24755.775223577,-282871.35665261
Waypoint0009=55057.1831141,-304658.87338805
Waypoint0010=21806.080650164,-370825.88575077
Waypoint0011=-315278.72337255,-263119.02165177
Waypoint0012=-316945.05629988,291769.84315082
Waypoint0013=-230018.0219239,215951.69495707
Waypoint0014=-301670.33779931,83200.50507937
Waypoint0015=-283896.11990774,23490.24184986
Waypoint0016=-262122.79741609,-3999.14330758
Waypoint0017=-217402.13673568,-14330.64907533
Waypoint0018=-190097.4429209,-17134.91492658
Waypoint0019=-194968.0099257,-37207.55470392
Waypoint0020=-214745.46382397,-44292.01580181
Waypoint0021=-213859.90618673,-80452.285988942
Waypoint0022=-87131.765528562,-112455.87698321
Waypoint0023=-87131.765528562,-112455.87698321
Waypoint0024=10878.803025926,-172794.11825385