[GUI]
DisplayName=Israel War with Lebanon (No Allies)

[Situation]
Theater=Syria

[RedCoordinates]
Waypoint0000=-42074.967488817,7415.5757484988
Waypoint0001=-42074.967488817,7415.5757484988
Waypoint0002=-44779.056646196,50291.170218841
Waypoint0003=-49765.522319704,49699.555647408
Waypoint0004=-46300.351258453,44544.057239205
Waypoint0005=-59569.420932024,38796.944259569
Waypoint0006=-71820.321928158,55394.944610227
Waypoint0007=-106917.60282933,50895.293212641
Waypoint0008=-134927.93277929,9161.0265000364
Waypoint0009=-131085.21389267,570.9633185915
Waypoint0010=-119942.80624091,-33731.006832276
Waypoint0011=-76408.78550843,-28527.73742202
Waypoint0012=-42074.967488817,7415.5757484988

[BlueCoordinates]
Waypoint0000=-300848.54427671,-94786.259811659
Waypoint0001=-319841.97972529,-98856.281693497
Waypoint0002=-318275.76622691,-40244.629996437
Waypoint0003=-254852.07253032,-32432.10309278
Waypoint0004=-231912.66144945,-10180.874344334
Waypoint0005=-188443.62212781,-15810.547620805
Waypoint0006=-192100.90519708,-36806.061536979
Waypoint0007=-210929.14025739,-43172.443176077
Waypoint0008=-206865.49240264,-80558.003439716
Waypoint0009=-203208.20933337,-114286.28063409
Waypoint0010=-323418.34650054,-149121.56868907
Waypoint0011=-319841.97972529,-98856.281693497

[NoSpawnCoordinates]
Waypoint0000=-74777.860696934,55918.968572473
Waypoint0001=-74777.860696934,55918.968572473
Waypoint0002=-60814.092352316,36973.972923635
Waypoint0003=-45239.264442372,49448.844261075
Waypoint0004=-42977.133970543,8313.787523359
Waypoint0005=18264.040846098,-37286.652078774
Waypoint0006=-9321.663019694,-176119.62071481
Waypoint0007=-87556.528081692,-291436.90736689
Waypoint0008=-55900.802334062,-577286.65207878
Waypoint0009=296382.2027717,-577738.87673232
Waypoint0010=285528.8110868,558745.44128373
Waypoint0011=-312312.18088986,562363.23851203
Waypoint0012=-316382.2027717,-42713.347921225
Waypoint0013=-292185.19148226,-42486.563796886
Waypoint0014=-255148.48212192,-34210.204163289
Waypoint0015=-230836.67569823,-11967.487647999
Waypoint0016=-189351.42303482,-17243.666914417
Waypoint0017=-180350.88193329,-11760.57865716
Waypoint0018=-160073.80083098,10482.13785813
Waypoint0019=-152728.53165617,-1932.401592264
Waypoint0020=-133899.81348973,11930.50079401
Waypoint0021=-133485.99550805,42035.758961216
Waypoint0022=-124588.90890194,31793.763914641
Waypoint0023=-106070.55422177,49587.937126873
Waypoint0024=-74777.860696934,55918.968572473