[GUI]
DisplayName=Turkish invasion of Cyprus

[Situation]
Theater=Syria

[RedCoordinates]
Waypoint0000=227848.23431389,-424199.547892
Waypoint0001=227848.23431389,-424199.547892
Waypoint0002=227848.23431389,-424199.547892
Waypoint0003=26079.91591827,-282770.85143547
Waypoint0004=29191.85638122,-261285.54460188
Waypoint0005=30882.01529641,-242340.0423433
Waypoint0006=27305.16735962,-231707.76358614
Waypoint0007=27187.24929577,-230528.58294764
Waypoint0008=27934.06370016,-226087.00254262
Waypoint0009=28841.53386225,-210323.17081112
Waypoint0010=23942.1741238,-190584.86201576
Waypoint0011=15641.1367642,-179931.30394696
Waypoint0012=12011.53338429,-172705.70462585
Waypoint0013=101477.82489115,3937.09887681
Waypoint0014=138347.42477165,61193.41869123
Waypoint0015=201676.38456639,73483.28531807
Waypoint0016=177819.58464372,145053.6850861
Waypoint0017=212375.79786505,219082.0581795
Waypoint0018=186783.95794799,273591.23133617
Waypoint0019=202688.49122978,378850.32432835
Waypoint0020=298591.20745574,358537.81204222
Waypoint0021=298309.44894689,-426723.15212867
Waypoint0022=274078.2171856,-427004.91063752
Waypoint0023=227848.23431389,-424199.547892

[BlueCoordinates]
Waypoint0000=31824.140037256,-304730.10564898
Waypoint0001=31824.140037256,-304730.10564898
Waypoint0002=16563.454016442,-291566.3077837
Waypoint0003=25533.475570661,-236406.49991457
Waypoint0004=23960.809454012,-232445.71117635
Waypoint0005=25882.956929916,-211826.31098029
Waypoint0006=20058.267608995,-194992.95884282
Waypoint0007=8641.87653999,-176120.96544304
Waypoint0008=1826.990034512,-171286.47330667
Waypoint0009=-48630.408937186,-158475.86404858
Waypoint0010=-86896.707982274,-301145.01366754
Waypoint0011=19718.067391896,-365512.02535609
Waypoint0012=44934.010115247,-315743.71734948
Waypoint0013=31824.140037256,-304730.10564898

[NoSpawnCoordinates]
Waypoint0000=205759.62737777,374913.55002722
Waypoint0001=205759.62737777,374913.55002722
Waypoint0002=189752.66761318,274832.65205984
Waypoint0003=215932.2747048,220229.47155447
Waypoint0004=180776.80232463,144981.80088542
Waypoint0005=205310.83411334,73025.28082217
Waypoint0006=138590.23546842,57317.5165672
Waypoint0007=97002.05963145,-13891.014722
Waypoint0008=-310955.50692925,-128636.03209336
Waypoint0009=-308242.15900802,423982.49452954
Waypoint0010=-307789.93435448,423530.269876
Waypoint0011=-729.39460248,443428.15463166
Waypoint0012=26404.08460978,438905.90809628
Waypoint0013=205759.62737777,374913.55002722