[GUI]
DisplayName=Iraq War 2003 (no short flights)

[Situation]
Theater=Syria


[RedCoordinates]
Waypoint0000=-120426.03917152,379200.90699749
Waypoint0001=-120426.03917152,379200.90699749
Waypoint0002=-189409.23425726,265581.52685626
Waypoint0003=-280935.95714881,292182.88966711
Waypoint0004=-287699.01549055,282263.73743256
Waypoint0005=-304832.09662295,287223.31354983
Waypoint0006=-299872.52050568,306610.74746282
Waypoint0007=-312046.02552081,310668.58246786
Waypoint0008=-319710.82497478,303905.52412612
Waypoint0009=-328277.36554098,443675.39652207
Waypoint0010=-119827.32476261,387599.2639747
Waypoint0011=-120338.81246451,384786.08161425
Waypoint0012=-120426.03917152,379200.90699749

[BlueCoordinates]
Waypoint0000=-32522.895781327,-277322.48689404
Waypoint0001=-32522.895781327,-277322.48689404
Waypoint0002=-33049.933119734,-261669.47794335
Waypoint0003=-35105.378739522,-201798.03630029
Waypoint0004=9522.192844845,-200996.0225244
Waypoint0005=3513.026429955,-181424.88420067
Waypoint0006=-99073.831647555,-87693.46393042
Waypoint0007=-314328.25206343,-176051.17362077
Waypoint0008=-315033.23378968,-555535.11573374
Waypoint0009=-36565.451919803,-490911.79082723
Waypoint0010=-32522.895781327,-277322.48689404

[NoSpawnCoordinates]
Waypoint0000=305349.51142512,-428177.17054648
Waypoint0001=305349.51142512,-428177.17054648
Waypoint0002=303927.19195028,442756.45454469
Waypoint0003=-121859.90114555,389629.20803283
Waypoint0004=-121859.90114555,381125.91595767
Waypoint0005=-190710.87642657,269345.68946211
Waypoint0006=-282279.14207564,295477.2925645
Waypoint0007=-289042.61581979,285332.08194828
Waypoint0008=-303338.13986992,290404.68725639
Waypoint0009=-299187.82643601,308235.66349096
Waypoint0010=-338303.56391684,292742.05323837
Waypoint0011=-337327.31436058,-186022.85364545
Waypoint0012=-98951.20124447,-83522.34669101
Waypoint0013=-1965.68967516,-170131.44741144
Waypoint0014=2834.53407683,-180000.0638401
Waypoint0015=8787.88420499,-198798.705461
Waypoint0016=-36237.67825077,-199469.12777273
Waypoint0017=-33529.17211139,-265814.11974149
Waypoint0018=-33234.18629423,-274797.77871867
Waypoint0019=-37977.01886744,-428096.55364415
Waypoint0020=-7733.18511038,-428069.80711688
Waypoint0021=-6966.12480964,-426919.21666578
Waypoint0022=14895.09376141,-427686.27696651
Waypoint0023=18860.45397373,-427804.8105211
Waypoint0024=25218.94474078,-427831.7308193
Waypoint0025=32344.49580857,-427885.57141571
Waypoint0026=40183.26658069,-428031.36166464
Waypoint0027=46093.19784307,-428414.89181501
Waypoint0028=53034.84960582,-428468.73241141
Waypoint0029=58971.7011664,-428879.18285999
Waypoint0030=63719.85321975,-425723.5347869
Waypoint0031=66182.55591119,-421973.53696021
Waypoint0032=67402.718499,-419504.18829326
Waypoint0033=70248.95134081,-419492.99953535
Waypoint0034=68589.31481309,-416180.37245544
Waypoint0035=305349.51142512,-428177.17054648