[GUI]
DisplayName=Syrian Civil War (Pre Lebanon spill over)

[Situation]
Theater=Syria


[RedCoordinates]
Waypoint0000=29081.06293476,387664.94926892
Waypoint0001=29081.06293476,387664.94926892
Waypoint0002=72443.334296576,351556.00329854
Waypoint0003=94991.715404721,276972.89655621
Waypoint0004=81904.193502791,225568.89486911
Waypoint0005=115017.20072454,192455.88764736
Waypoint0006=94579.427279875,162964.88410462
Waypoint0007=65844.290982653,100938.14218253
Waypoint0008=79891.99397792,43226.97607806
Waypoint0009=100948.51177348,3888.39918506
Waypoint0010=96444.760709689,-33642.85967988
Waypoint0011=-42340.914969932,2929.54577032
Waypoint0012=-43572.59881291,50393.57064778
Waypoint0013=-92543.14458907,64630.08132139
Waypoint0014=-112144.09306498,52629.50062185
Waypoint0015=-108143.89949847,45429.15220213
Waypoint0016=-124544.69312117,30895.11557714
Waypoint0017=-132678.42003974,44629.11348883
Waypoint0018=-134278.49746634,11027.48753013
Waypoint0019=-152679.3878723,-973.0931694
Waypoint0020=-160220.10944941,11140.64444876
Waypoint0021=-184366.61291411,-2012.70769343
Waypoint0022=-279291.65536347,38051.43312703
Waypoint0023=-211507.31720242,209212.86654056
Waypoint0024=-152011.3298618,181214.75485086
Waypoint0025=-128467.46321365,211758.14942144
Waypoint0026=-158374.53706401,305297.29529384
Waypoint0027=-14884.2146543,425880.07177562
Waypoint0028=29081.06293476,387664.94926892

[BlueCoordinates]
Waypoint0000=286063.74501992,-418103.58565737
Waypoint0001=286063.74501992,-418103.58565737
Waypoint0002=278924.30278884,388207.17131474
Waypoint0003=197266.93227092,377498.00796813
Waypoint0004=179418.32669323,292717.1314741
Waypoint0005=204852.58964143,214629.48207171
Waypoint0006=179418.32669323,115123.5059761
Waypoint0007=199944.22310757,65593.62549801
Waypoint0008=132565.73705179,73625.49800797
Waypoint0009=103115.53784861,37482.07171315
Waypoint0010=93298.80478088,-61131.47410359
Waypoint0011=-182015.93625498,-178486.05577689
Waypoint0012=-211912.35059761,-78087.64940239
Waypoint0013=-212804.78087649,-44621.51394422
Waypoint0014=-190047.80876494,-35250.99601594
Waypoint0015=-186478.0876494,-17848.60557769
Waypoint0016=-235561.75298805,-11155.37848606
Waypoint0017=-281655.40046136,8421.04109485
Waypoint0018=-299236.57312233,47784.19758359
Waypoint0019=-308177.33534032,103040.47744162
Waypoint0020=-255056.0368533,227073.69796556
Waypoint0021=-336742.56188523,244864.32151545
Waypoint0022=-336207.14806711,-440838.80379285
Waypoint0023=-316294.6754194,-440364.69730124
Waypoint0024=286063.74501992,-418103.58565737

[NoSpawnCoordinates]
Waypoint0000=-209743.6554351,-90031.993396731
Waypoint0001=-209743.6554351,-90031.993396731
Waypoint0002=-214755.98029257,-76785.134844841
Waypoint0003=-215472.02670078,-45279.092883588
Waypoint0004=-192081.17736591,-35135.102100609
Waypoint0005=-187904.23998469,-18308.011507667
Waypoint0006=-154966.10520701,8543.728800219
Waypoint0007=-151982.57850614,1979.970058292
Waypoint0008=-135274.82898123,12481.984045379
Waypoint0009=-134558.78257302,47568.258047679
Waypoint0010=-124056.76858593,35276.128040069
Waypoint0011=-110690.56896601,45778.142027159
Waypoint0012=-114390.1420751,52461.241837119
Waypoint0013=-92789.40876075,66662.828933289
Waypoint0014=-41830.77270979,52699.923973189
Waypoint0015=-40518.0209614,4128.109282923
Waypoint0016=-81654.20354493,-42252.307222516
Waypoint0017=-209743.6554351,-90031.993396731