[GUI]
DisplayName=Israel War with Lebanon (No Allies)

[Situation]
Theater=Syria

[RedCoordinates]
Waypoint0000=-42074.967488817,7415.5757484988
Waypoint0001=-42074.967488817,7415.5757484988
Waypoint0002=-44779.056646196,50291.170218841
Waypoint0003=-49765.522319704,49699.555647408
Waypoint0004=-46300.351258453,44544.057239205
Waypoint0005=-59569.420932024,38796.944259569
Waypoint0006=-71820.321928158,55394.944610227
Waypoint0007=-106917.60282933,50895.293212641
Waypoint0008=-134927.93277929,9161.0265000364
Waypoint0009=-131085.21389267,570.9633185915
Waypoint0010=-119942.80624091,-33731.006832276
Waypoint0011=-76408.78550843,-28527.73742202
Waypoint0012=-42074.967488817,7415.5757484988

[BlueCoordinates]
Waypoint0000=-188403.84158185,-15367.123687558
Waypoint0001=-188403.84158185,-15367.123687558
Waypoint0002=-233506.83086328,-9854.5361087163
Waypoint0003=-254053.7482026,-31403.742098734
Waypoint0004=-293184.60055885,30383.845206551
Waypoint0005=-305293.24974794,88471.985102112
Waypoint0006=-239167.75716243,222366.97423243
Waypoint0007=-337990.66182751,234605.67037395
Waypoint0008=-333423.98416276,-154292.59955574
Waypoint0009=-203182.33716424,-114288.50321257
Waypoint0010=-211219.68985419,-43048.33164255
Waypoint0011=-191491.64234249,-36289.648698728
Waypoint0012=-191126.30812931,-30992.302607623
Waypoint0013=-189700.40714625,-23335.165450104
Waypoint0014=-189290.42897531,-20550.5148935
Waypoint0015=-188403.84158185,-15367.123687558

[NoSpawnCoordinates]
Waypoint0000=292458.05981036,-555733.04157549
Waypoint0001=292458.05981036,-555733.04157549
Waypoint0002=-54113.78555798,-556207.1480671
Waypoint0003=-84456.60102115,-292129.83223924
Waypoint0004=-9073.66885485,-175973.74179431
Waypoint0005=19372.72064187,-37060.539752
Waypoint0006=-43181.8814652,8114.6917057199
Waypoint0007=-44967.23715411,49029.09291001
Waypoint0008=-61035.43835434,37275.50129133
Waypoint0009=-75020.72458417,55724.17674344
Waypoint0010=-106413.22878092,48880.31326927
Waypoint0011=-125159.46351453,32812.11206904
Waypoint0012=-133639.90303687,42482.78871733
Waypoint0013=-134235.02159984,11982.96236503
Waypoint0014=-154030.30158032,-1533.90901947
Waypoint0015=-159301.74576301,10446.64594117
Waypoint0016=-181825.18908901,-12795.63068248
Waypoint0017=-189253.13316461,-17587.85266673
Waypoint0018=-232622.74212213,-12556.01958326
Waypoint0019=-255625.40764656,-34121.01851242
Waypoint0020=-294682.01681825,29615.5338782
Waypoint0021=-307381.40507653,89278.69758219
Waypoint0022=-241248.74169379,222981.69094295
Waypoint0023=-338132.26301445,233321.28460954
Waypoint0024=-330661.31507228,559533.06575361
Waypoint0025=286653.28768071,553929.85479701
Waypoint0026=287120.2219271,549260.51233311
Waypoint0027=292458.05981036,-555733.04157549