[GUI]
DisplayName=Peacetime National Control

[Situation]
Theater=Syria



[RedCoordinates]
Waypoint0000=96158.138198675,1475.4953498115
Waypoint0001=96158.138198675,1475.4953498115
Waypoint0002=96158.138198675,1475.4953498115
Waypoint0003=68091.853004355,-39538.784323684
Waypoint0004=-198762.29739826,-113441.42435012
Waypoint0005=-212359.313166,-77330.095789846
Waypoint0006=-208106.77749368,-42219.416649148
Waypoint0007=-189352.00478497,-38730.156610321
Waypoint0008=-185753.70536994,-17358.438872504
Waypoint0009=-190271.0082748,-7777.7693186854
Waypoint0010=-277373.07514433,42973.233353285
Waypoint0011=-183033.92834303,139858.20742755
Waypoint0012=-183392.80579466,253777.23241744
Waypoint0013=1042.975959877,433012.68586262
Waypoint0014=182319.32569332,254055.60019438
Waypoint0015=140400.74961904,150797.1629055
Waypoint0016=175698.1597819,106894.91145916
Waypoint0017=185479.03719336,84825.288796596
Waypoint0018=130811.5974178,79378.435623128
Waypoint0019=82021.736982152,30091.986277195
Waypoint0020=84355.307494398,24984.581128885
Waypoint0021=96158.138198675,1475.4953498115

[BlueCoordinates]
Waypoint0000=172417.78685611,-323040.20164544
Waypoint0001=172417.78685611,-323040.20164544
Waypoint0002=172417.78685611,-323040.20164544
Waypoint0003=-7232.59816999,-338107.33946941
Waypoint0004=-305131.44727956,-78386.66408162
Waypoint0005=-322690.03614113,390481.31681801
Waypoint0006=-161045.4739676,379424.35541914
Waypoint0007=-301061.42539772,114713.26297892
Waypoint0008=-289303.58440574,39191.74583815
Waypoint0009=-235036.62598124,-7839.61812976
Waypoint0010=-199310.87835177,-12814.08931867
Waypoint0011=-197829.22690865,-25356.19168777
Waypoint0012=-218053.44247164,-31802.84451103
Waypoint0013=-221034.21404453,-68145.32868825
Waypoint0014=-202920.29448617,-112313.21527903
Waypoint0015=86495.102683973,-32668.21039818
Waypoint0016=145803.62593882,68124.7440701
Waypoint0017=201754.03581893,79896.85395912
Waypoint0018=205793.3626443,192298.39063913
Waypoint0019=282910.32863381,323216.20863918
Waypoint0020=296525.58699047,-59791.49731415
Waypoint0021=172417.78685611,-323040.20164544