[GUI]
DisplayName=Peacetime National Control

[Situation]
Theater=Syria


[RedCoordinates]
Waypoint0000=96158.138198675,1475.4953498115
Waypoint0001=96158.138198675,1475.4953498115
Waypoint0002=96158.138198675,1475.4953498115
Waypoint0003=68091.853004355,-39538.784323684
Waypoint0004=-198762.29739826,-113441.42435012
Waypoint0005=-212359.313166,-77330.095789846
Waypoint0006=-208106.77749368,-42219.416649148
Waypoint0007=-189352.00478497,-38730.156610321
Waypoint0008=-185753.70536994,-17358.438872504
Waypoint0009=-190271.0082748,-7777.7693186854
Waypoint0010=-277373.07514433,42973.233353285
Waypoint0011=-159012.605245,137275.26946002
Waypoint0012=-64534.960132475,187148.22710307
Waypoint0013=-71383.711358105,269157.63280483
Waypoint0014=84732.694785084,268806.41479326
Waypoint0015=140400.74961904,150797.1629055
Waypoint0016=175698.1597819,106894.91145916
Waypoint0017=185479.03719336,84825.288796596
Waypoint0018=130811.5974178,79378.435623128
Waypoint0019=82021.736982152,30091.986277195
Waypoint0020=84355.307494398,24984.581128885
Waypoint0021=96158.138198675,1475.4953498115

[BlueCoordinates]
Waypoint0000=174281.54631656,-333989.78847557
Waypoint0001=174281.54631656,-333989.78847557
Waypoint0002=174281.54631656,-333989.78847557
Waypoint0003=-5368.83870954,-349056.92629953
Waypoint0004=-303267.68781911,-89336.25091175
Waypoint0005=-312764.4055434,251641.13785558
Waypoint0006=-244930.70751276,206870.89715536
Waypoint0007=-299197.66593727,103763.67614879
Waypoint0008=-287439.82494529,28242.15900802
Waypoint0009=-233172.86652079,-18789.20495989
Waypoint0010=-197447.11889132,-23763.6761488
Waypoint0011=-195965.4674482,-36305.7785179
Waypoint0012=-216189.68301119,-42752.43134116
Waypoint0013=-219170.45458408,-79094.91551838
Waypoint0014=-201056.53502572,-123262.80210916
Waypoint0015=88358.862144423,-43617.79722831
Waypoint0016=147667.38539927,57175.15723997
Waypoint0017=203617.79527938,68947.26712899
Waypoint0018=206564.39354518,160012.61258123
Waypoint0019=297489.94913798,4196.37830008
Waypoint0020=207113.32038981,-262297.94601245
Waypoint0021=174281.54631656,-333989.78847557