[GUI]
DisplayName=Syrian Civil War (Pre Lebanon spill over)

[Situation]
Theater=Syria


[RedCoordinates]
Waypoint0000=29081.06293476,387664.94926892
Waypoint0001=29081.06293476,387664.94926892
Waypoint0002=72443.334296576,351556.00329854
Waypoint0003=94991.715404721,276972.89655621
Waypoint0004=81904.193502791,225568.89486911
Waypoint0005=115017.20072454,192455.88764736
Waypoint0006=94579.427279875,162964.88410462
Waypoint0007=65844.290982653,100938.14218253
Waypoint0008=79891.99397792,43226.97607806
Waypoint0009=100948.51177348,3888.39918506
Waypoint0010=96444.760709689,-33642.85967988
Waypoint0011=-42340.914969932,2929.54577032
Waypoint0012=-43572.59881291,50393.57064778
Waypoint0013=-92543.14458907,64630.08132139
Waypoint0014=-112144.09306498,52629.50062185
Waypoint0015=-108143.89949847,45429.15220213
Waypoint0016=-124544.69312117,30895.11557714
Waypoint0017=-132678.42003974,44629.11348883
Waypoint0018=-134278.49746634,11027.48753013
Waypoint0019=-152679.3878723,-973.0931694
Waypoint0020=-160220.10944941,11140.64444876
Waypoint0021=-184366.61291411,-2012.70769343
Waypoint0022=-279291.65536347,38051.43312703
Waypoint0023=-211507.31720242,209212.86654056
Waypoint0024=-152011.3298618,181214.75485086
Waypoint0025=-128467.46321365,211758.14942144
Waypoint0026=-158374.53706401,305297.29529384
Waypoint0027=-14884.2146543,425880.07177562
Waypoint0028=29081.06293476,387664.94926892

[BlueCoordinates]
Waypoint0000=197797.22830051,378307.80452225
Waypoint0001=197797.22830051,378307.80452225
Waypoint0002=179708.24215901,291028.4463895
Waypoint0003=206389.49671772,214602.47994165
Waypoint0004=179256.01750547,114208.60685631
Waypoint0005=200058.3515682,65820.56892779
Waypoint0006=132152.95063616,73301.2014635
Waypoint0007=102445.84272588,37457.87126356
Waypoint0008=101082.23777262,4341.75097014
Waypoint0009=93484.37636761,-60285.44128373
Waypoint0010=-182445.55384975,-177423.37258789
Waypoint0011=-212518.38880457,-76485.66427803
Waypoint0012=-213208.0854407,-44989.51789462
Waypoint0013=-191022.84364509,-36253.3605036
Waypoint0014=-186654.76494958,-16826.90525252
Waypoint0015=-289672.4624006,-36999.60334724
Waypoint0016=-284726.47702407,-437802.26785246
Waypoint0017=291407.73158279,-422426.62963219
Waypoint0018=282363.23851203,391125.52208189
Waypoint0019=197797.22830051,378307.80452225

[NoSpawnCoordinates]
Waypoint0000=-209743.6554351,-90031.993396731
Waypoint0001=-209743.6554351,-90031.993396731
Waypoint0002=-214755.98029257,-76785.134844841
Waypoint0003=-215472.02670078,-45279.092883588
Waypoint0004=-192081.17736591,-35135.102100609
Waypoint0005=-187904.23998469,-18308.011507667
Waypoint0006=-154966.10520701,8543.728800219
Waypoint0007=-151982.57850614,1979.970058292
Waypoint0008=-135274.82898123,12481.984045379
Waypoint0009=-134558.78257302,47568.258047679
Waypoint0010=-124056.76858593,35276.128040069
Waypoint0011=-110690.56896601,45778.142027159
Waypoint0012=-114390.1420751,52461.241837119
Waypoint0013=-92789.40876075,66662.828933289
Waypoint0014=-41830.77270979,52699.923973189
Waypoint0015=-40518.0209614,4128.109282923
Waypoint0016=-81654.20354493,-42252.307222516
Waypoint0017=-209743.6554351,-90031.993396731