[GUI]
DisplayName=Original

[Situation]
Theater=TheChannel


[RedCoordinates]
Waypoint0000=35663.346613546,80219.123505976
Waypoint0001=35663.346613546,80219.123505976
Waypoint0002=35663.346613546,80219.123505976
Waypoint0003=5111.553784861,-5970.119521912
Waypoint0004=-86543.824701194,-22563.745019924
Waypoint0005=-92205.179282864,81195.219123506
Waypoint0006=-85177.290836654,121996.01593625
Waypoint0007=21509.960159363,119067.72908366
Waypoint0008=21509.960159363,119067.72908366
Waypoint0009=35663.346613546,80219.123505976

[BlueCoordinates]
Waypoint0000=60749.003984064,-4408.3665338646
Waypoint0001=60749.003984064,-4408.3665338646
Waypoint0002=60749.003984064,-4408.3665338646
Waypoint0003=15262.948207172,-8215.1394422311
Waypoint0004=-20657.370517929,-113926.29482071
Waypoint0005=73340.637450199,-113926.29482071
Waypoint0006=72657.370517929,-9679.282868526
Waypoint0007=72657.370517929,-9679.282868526
Waypoint0008=60749.003984064,-4408.3665338646