[GUI]
DisplayName=Kola
Description=

[Briefing]
Names=the Kola

[Theater]
DCSID=Kola
DefaultMapCenter=-65093.762739046,-342633.64480611
MagneticDeclination=-6

[Daytime]
January=11:52,14:02
February=09:15,16:50
March=07:07,18:47
April=04:49,20:48
May=02:10,23:24
June=00:00,23:59
July=00:00,23:59
August=03:59,21:41
September=06:03,19:19
October=07:56,17:08
November=10:16,14:47
December=12:00,13:01

[Temperature]
January=-13,-7
February=-9,-6
March=-8,-2
April=-4,3
May=1,8
June=6,14
July=9,17
August=8,14
September=5,10
October=-1,4
November=-7,-2
December=-11,-5
