[GUI]
DisplayName=Nevada Test and Training Range
Description=

[Briefing]
Names=Nevada

[Theater]
DCSID=Nevada
DefaultMapCenter=-294388.0881016,-59252.988047809
MagneticDeclination=12

[Daytime]
January=07:21,16:19
February=06:58,16:51
March=06:21,17:18
April=06:37,18:44
May=06:04,19:10
June=05:53,19:29
July=06:05,19:27
August=06:29,19:00
September=06:53,18:17
October=07:28,17:34
November=06:47,16:02
December=07:14,15:58

[Temperature]
January=4,14
February=6,17
March=10,21
April=13,26
May=19,32
June=24,37
July=27,40
August=26,39
September=22,34
October=15,27
November=8,19
December=4,14


