[Airbase]
ATC=270.00/141.00
Coalition=Red
Coordinates=-148472.40625,842251.75
DCSID=32
Elevation=524
Flags=
ILS=RWY 10/110.50/087˚
Name=Beslan
Runways=10-28
TACAN=-
Theater=Caucasus

[RunwaySpawns]
Spot1.Coordinates=-148502.34375,842249.875
Spot1.DCSID=16
Spot2.Coordinates=-148678,845087.375
Spot2.DCSID=15

[Parking]
Spot1.Coordinates=-148875.21875,843607.4375
Spot1.DCSID=14
Spot1.Type=OpenAirSpawn
Spot2.Coordinates=-148845.28125,843609.3125
Spot2.DCSID=13
Spot2.Type=OpenAirSpawn
Spot3.Coordinates=-148815.359375,843611.0625
Spot3.DCSID=12
Spot3.Type=OpenAirSpawn
Spot4.Coordinates=-148868.453125,843496.375
Spot4.DCSID=11
Spot4.Type=OpenAirSpawn
Spot5.Coordinates=-148838.5,843498.125
Spot5.DCSID=10
Spot5.Type=OpenAirSpawn
Spot6.Coordinates=-148855.875,843785.0625
Spot6.DCSID=9
Spot6.Type=OpenAirSpawn
Spot7.Coordinates=-148860.890625,843863.75
Spot7.DCSID=8
Spot7.Type=OpenAirSpawn
Spot8.Coordinates=-148866.078125,843948.625
Spot8.DCSID=7
Spot8.Type=OpenAirSpawn
Spot9.Coordinates=-148852.15625,843744.0625
Spot9.DCSID=6
Spot9.Type=OpenAirSpawn
Spot10.Coordinates=-148857.65625,843824.125
Spot10.DCSID=5
Spot10.Type=OpenAirSpawn
Spot11.Coordinates=-148863.796875,843906.8125
Spot11.DCSID=4
Spot11.Type=OpenAirSpawn
Spot12.Coordinates=-148868.515625,843988.625
Spot12.DCSID=3
Spot12.Type=OpenAirSpawn
Spot13.Coordinates=-148870.78125,844028.625
Spot13.DCSID=2
Spot13.Type=OpenAirSpawn
Spot14.Coordinates=-148873.3125,844068.4375
Spot14.DCSID=1
Spot14.Type=OpenAirSpawn
Spot15.Coordinates=-148875.828125,844108.375
Spot15.DCSID=0
Spot15.Type=OpenAirSpawn
