[Airbase]
ATC=258.00/129.00
Coalition=Blue
Coordinates=-221381.6875,565908.75
DCSID=20
Elevation=13
Flags=NearWater
ILS=-
Name=Sukhumi-Babushara
Runways=12-30
TACAN=-
Theater=Caucasus

[Parking]
Spot1.Coordinates=-219798.890625,564328.875
Spot1.DCSID=24
Spot1.Type=OpenAirSpawn
Spot2.Coordinates=-219803.046875,564289.25
Spot2.DCSID=23
Spot2.Type=OpenAirSpawn
Spot3.Coordinates=-219807.1875,564249.4375
Spot3.DCSID=22
Spot3.Type=OpenAirSpawn
Spot4.Coordinates=-219811.421875,564209.75
Spot4.DCSID=21
Spot4.Type=OpenAirSpawn
Spot5.Coordinates=-219815.625,564169.9375
Spot5.DCSID=20
Spot5.Type=OpenAirSpawn 
Spot6.Coordinates=-219819.8125,564130.125
Spot6.DCSID=19
Spot6.Type=OpenAirSpawn
Spot7.Coordinates=-219718.203125,564316.375
Spot7.DCSID=18
Spot7.Type=OpenAirSpawn
Spot8.Coordinates=-219722.40625,564276.625
Spot8.DCSID=17
Spot8.Type=OpenAirSpawn
Spot9.Coordinates=-219726.53125,564236.8125
Spot9.DCSID=16
Spot9.Type=OpenAirSpawn
Spot10.Coordinates=-219730.484375,564199.875
Spot10.DCSID=15
Spot10.Type=OpenAirSpawn
Spot11.Coordinates=-219753.375,564175.3125
Spot11.DCSID=14
Spot11.Type=OpenAirSpawn
Spot12.Coordinates=-219757.046875,564136.1875
Spot12.DCSID=13
Spot12.Type=OpenAirSpawn
Spot13.Coordinates=-219761.21875,564096.375
Spot13.DCSID=12
Spot13.Type=OpenAirSpawn
Spot14.Coordinates=-219765.375,564056.5625
Spot14.DCSID=11
Spot14.Type=OpenAirSpawn
Spot15.Coordinates=-219769.515625,564016.9375
Spot15.DCSID=10
Spot15.Type=OpenAirSpawn 
Spot16.Coordinates=-219773.703125,563977.125
Spot16.DCSID=9
Spot16.Type=OpenAirSpawn
Spot17.Coordinates=-219729.46875,563926.5
Spot17.DCSID=8
Spot17.Type=OpenAirSpawn
Spot18.Coordinates=-219701.328125,563868.4375
Spot18.DCSID=7
Spot18.Type=OpenAirSpawn
Spot19.Coordinates=-219720.765625,563720.4375
Spot19.DCSID=6
Spot19.Type=OpenAirSpawn
Spot20.Coordinates=-219791.34375,563716.5
Spot20.DCSID=5
Spot20.Type=OpenAirSpawn
Spot21.Coordinates=-219930.921875,563648.6875
Spot21.DCSID=4
Spot21.Type=OpenAirSpawn
Spot22.Coordinates=-219907.546875,563580.25
Spot22.DCSID=3
Spot22.Type=OpenAirSpawn
Spot23.Coordinates=-219883.625,563502.8125
Spot23.DCSID=2
Spot23.Type=OpenAirSpawn

