[Airbase]
ATC=265.00/136.00
Coalition=Red
Coordinates=-125499.5390625,759543.375
DCSID=27
Elevation=430
Flags=
ILS=RWY 24/110.50/229˚
Name=Nalchik
Runways=06-24
TACAN=-
Theater=Caucasus

[Parking]
Spot2.Coordinates=-125298.5390625,760622
Spot2.DCSID=15
Spot2.Type=OpenAirSpawn
Spot3.Coordinates=-125170.0390625,760824.4375
Spot3.DCSID=14
Spot3.Type=OpenAirSpawn
Spot4.Coordinates=-125235.046875,760723.9375
Spot4.DCSID=13
Spot4.Type=OpenAirSpawn
Spot5.Coordinates=-125267.4609375,760673.3125
Spot5.DCSID=12
Spot5.Type=OpenAirSpawn 
Spot6.Coordinates=-125201.53125,760773.6875
Spot6.DCSID=11
Spot6.Type=OpenAirSpawn
Spot7.Coordinates=-125332.4609375,760572.375
Spot7.DCSID=10
Spot7.Type=OpenAirSpawn
Spot8.Coordinates=-125349.4765625,760547.625
Spot8.DCSID=9
Spot8.Type=OpenAirSpawn
Spot9.Coordinates=-125366.4375,760522.9375
Spot9.DCSID=8
Spot9.Type=OpenAirSpawn
Spot10.Coordinates=-125383.4609375,760498.25
Spot10.DCSID=7
Spot10.Type=OpenAirSpawn
Spot11.Coordinates=-125400.453125,760473.5
Spot11.DCSID=6
Spot11.Type=OpenAirSpawn
Spot12.Coordinates=-125417.453125,760448.75
Spot12.DCSID=5
Spot12.Type=OpenAirSpawn
Spot13.Coordinates=-125434.390625,760424.0625
Spot13.DCSID=4
Spot13.Type=OpenAirSpawn
Spot14.Coordinates=-125451.3828125,760399.3125
Spot14.DCSID=3
Spot14.Type=OpenAirSpawn
Spot15.Coordinates=-125468.4140625,760374.5625
Spot15.DCSID=2
Spot15.Type=OpenAirSpawn 
Spot16.Coordinates=-125485.3984375,760349.875
Spot16.DCSID=1
Spot16.Type=OpenAirSpawn

