[Airbase]
ATC=264.00/135.00
Coalition=Red
Coordinates=-52089.546875,707418.0625
DCSID=26
Elevation=320
Flags=
ILS=RWY 12/111.70/109˚, RWY 30/109.30/289˚
Name=Mineralnye Vody
Runways=12-30
TACAN=-
Theater=Caucasus

[RunwaySpawns]
Spot1.Coordinates=-52062.42578125,707430.875
Spot1.DCSID=29
Spot2.Coordinates=-50457.54296875,704037.1875
Spot2.DCSID=28

[Parking]
Spot1.Coordinates=-51745.375,705864.25
Spot1.DCSID=27
Spot1.Type=OpenAirSpawn
Spot2.Coordinates=-51732.4609375,705837.125
Spot2.DCSID=26
Spot2.Type=OpenAirSpawn
Spot3.Coordinates=-51719.61328125,705810.0625
Spot3.DCSID=25
Spot3.Type=OpenAirSpawn
Spot4.Coordinates=-51706.63671875,705783.0625
Spot4.DCSID=24
Spot4.Type=OpenAirSpawn
Spot5.Coordinates=-51694.10546875,705755.8125
Spot5.DCSID=23
Spot5.Type=OpenAirSpawn
Spot6.Coordinates=-51680.92578125,705728.75
Spot6.DCSID=22
Spot6.Type=OpenAirSpawn
Spot7.Coordinates=-51668.23828125,705701.75
Spot7.DCSID=21
Spot7.Type=OpenAirSpawn
Spot8.Coordinates=-51655.30859375,705674.8125
Spot8.DCSID=20
Spot8.Type=OpenAirSpawn
Spot9.Coordinates=-51642.30859375,705647.5
Spot9.DCSID=19
Spot9.Type=OpenAirSpawn
Spot10.Coordinates=-51629.58984375,705620.25
Spot10.DCSID=18
Spot10.Type=OpenAirSpawn
Spot11.Coordinates=-51616.52734375,705593.375
Spot11.DCSID=17
Spot11.Type=OpenAirSpawn
Spot12.Coordinates=-51603.890625,705566.125
Spot12.DCSID=16
Spot12.Type=OpenAirSpawn
Spot13.Coordinates=-51590.734375,705539.3125
Spot13.DCSID=15
Spot13.Type=OpenAirSpawn
Spot14.Coordinates=-51772.2421875,705917.75
Spot14.DCSID=14
Spot14.Type=OpenAirSpawn
Spot15.Coordinates=-51798.19140625,705971.875
Spot15.DCSID=13
Spot15.Type=OpenAirSpawn
Spot16.Coordinates=-51823.8046875,706026.1875
Spot16.DCSID=12
Spot16.Type=OpenAirSpawn
Spot17.Coordinates=-51849.5859375,706080.3125
Spot17.DCSID=11
Spot17.Type=OpenAirSpawn
Spot18.Coordinates=-51875.1171875,706134.5625
Spot18.DCSID=10
Spot18.Type=OpenAirSpawn
Spot19.Coordinates=-51900.98046875,706188.8125
Spot19.DCSID=9
Spot19.Type=OpenAirSpawn
Spot20.Coordinates=-51927.08203125,706242.75
Spot20.DCSID=8
Spot20.Type=OpenAirSpawn
Spot21.Coordinates=-51952.8828125,706296.875
Spot21.DCSID=7
Spot21.Type=OpenAirSpawn
Spot22.Coordinates=-51978.3984375,706351.25
Spot22.DCSID=6
Spot22.Type=OpenAirSpawn
Spot23.Coordinates=-52004.15625,706405.5625
Spot23.DCSID=5
Spot23.Type=OpenAirSpawn
Spot24.Coordinates=-52029.734375,706459.75
Spot24.DCSID=4
Spot24.Type=OpenAirSpawn
Spot25.Coordinates=-52055.515625,706514
Spot25.DCSID=3
Spot25.Type=OpenAirSpawn
Spot26.Coordinates=-52081.31640625,706568.25
Spot26.DCSID=2
Spot26.Type=OpenAirSpawn
Spot27.Coordinates=-52107.890625,706621.875
Spot27.DCSID=1
Spot27.Type=OpenAirSpawn
Spot28.Coordinates=-52132.26171875,706676.875
Spot28.DCSID=0
Spot28.Type=OpenAirSpawn
