[Airbase]
ATC=260.00/131.00
Coalition=Blue
Coordinates=-356437.15625,618210.875
DCSID=22
Elevation=10
Flags=NearWater
ILS=RWY 13/110.30/126˚
Name=Batumi
Runways=13-31
TACAN=16X
Theater=Caucasus

[Parking]
Spot1.Coordinates=-356017.875,618172.25
Spot1.DCSID=11
Spot1.Type=OpenAirSpawn
Spot2.Coordinates=-356004.4375,618154.375
Spot2.DCSID=10
Spot2.Type=OpenAirSpawn
Spot3.Coordinates=-355990.90625,618136.9375
Spot3.DCSID=9
Spot3.Type=OpenAirSpawn
Spot4.Coordinates=-355977.71875,618118.6875
Spot4.DCSID=8
Spot4.Type=OpenAirSpawn
Spot5.Coordinates=-356108.25,618207.8125
Spot5.DCSID=7
Spot5.Type=OpenAirSpawn 
Spot6.Coordinates=-355962.5625,618097.125
Spot6.DCSID=6
Spot6.Type=OpenAirSpawn
Spot7.Coordinates=-356142.96875,618264.4375
Spot7.DCSID=5
Spot7.Type=OpenAirSpawn
Spot8.Coordinates=-356168.28125,618351.0625
Spot8.DCSID=4
Spot8.Type=OpenAirSpawn
Spot9.Coordinates=-356101.71875,618304.8125
Spot9.DCSID=3
Spot9.Type=OpenAirSpawn
Spot10.Coordinates=-356069.625,618234.9375
Spot10.DCSID=2
Spot10.Type=OpenAirSpawn

