[Airbase]
ATC=255.00/126.00
Coalition=Red
Coordinates=-50995.6328125,297848.84375
DCSID=17
Elevation=22
Flags=NearWater
ILS=RWY 01/110.10/007˚
Name=Gelendzhik
Runways=01-19
TACAN=-
Theater=Caucasus

[RunwaySpawns]
Spot1.Coordinates=-51014.92578125,297871.8125
Spot1.DCSID=14
Spot2.Coordinates=-49742.296875,298940.5
Spot2.DCSID=13

[Parking]
Spot1.Coordinates=-50012.703125,298466.9375
Spot1.DCSID=12
Spot1.Type=OpenAirSpawn
Spot2.Coordinates=-50059.01171875,298428.78125
Spot2.DCSID=11
Spot2.Type=OpenAirSpawn
Spot3.Coordinates=-50104.984375,298390.25
Spot3.DCSID=10
Spot3.Type=OpenAirSpawn
Spot4.Coordinates=-50435.83203125,298121.25
Spot4.DCSID=9
Spot4.Type=OpenAirSpawn
Spot5.Coordinates=-50451.66015625,298108.4375
Spot5.DCSID=8
Spot5.Type=OpenAirSpawn
Spot6.Coordinates=-50466.90625,298095.40625
Spot6.DCSID=7
Spot6.Type=OpenAirSpawn
Spot7.Coordinates=-50482.16015625,298082.53125
Spot7.DCSID=6
Spot7.Type=OpenAirSpawn
Spot8.Coordinates=-50497.5,298069.75
Spot8.DCSID=5
Spot8.Type=OpenAirSpawn
Spot9.Coordinates=-50512.8359375,298056.875
Spot9.DCSID=4
Spot9.Type=OpenAirSpawn
Spot10.Coordinates=-50528.09765625,298044
Spot10.DCSID=3
Spot10.Type=OpenAirSpawn
Spot11.Coordinates=-50543.48046875,298031.21875
Spot11.DCSID=2
Spot11.Type=OpenAirSpawn
Spot12.Coordinates=-50558.77734375,298018.34375
Spot12.DCSID=1
Spot12.Type=OpenAirSpawn
Spot13.Coordinates=-50574.20703125,298005.59375
Spot13.DCSID=0
Spot13.Type=OpenAirSpawn
