[Airbase]
ATC=252.00/123.00
Coalition=Red
Coordinates=-40299.0234375,279853.5
DCSID=14
Elevation=40
Flags=Military,NearWater
ILS=-
Name=Novorossiysk
Runways=04-22
TACAN=-
Theater=Caucasus

[RunwaySpawns]
Spot1.Coordinates=-40278.9453125,279831.21875
Spot1.DCSID=1
Spot2.Coordinates=-41556.125,278680.90625
Spot2.DCSID=0

[Parking]
Spot1.Coordinates=-40376.36328125,279226.15625
Spot1.DCSID=39
Spot1.Type=HardenedAirShelter
Spot2.Coordinates=-40298.3671875,279115.375
Spot2.DCSID=38
Spot2.Type=HardenedAirShelter
Spot3.Coordinates=-40661.52734375,279022.34375
Spot3.DCSID=37
Spot3.Type=HardenedAirShelter
Spot4.Coordinates=-40583.38671875,278911.34375
Spot4.DCSID=36
Spot4.Type=HardenedAirShelter
Spot5.Coordinates=-40479.5390625,279203.875
Spot5.DCSID=35
Spot5.Type=HardenedAirShelter
Spot6.Coordinates=-40401.765625,279092.96875
Spot6.DCSID=34
Spot6.Type=HardenedAirShelter
Spot7.Coordinates=-40552.1796875,279074.15625
Spot7.DCSID=33
Spot7.Type=HardenedAirShelter
Spot8.Coordinates=-40764.8515625,278999.96875
Spot8.DCSID=32
Spot8.Type=HardenedAirShelter
Spot9.Coordinates=-40836.859375,278869.875
Spot9.DCSID=31
Spot9.Type=HardenedAirShelter
Spot10.Coordinates=-40686.68359375,278888.875
Spot10.DCSID=30
Spot10.Type=HardenedAirShelter
Spot11.Coordinates=-40412.1015625,279156.53125
Spot11.DCSID=29
Spot11.Type=HardenedAirShelter
Spot12.Coordinates=-40334.1328125,279045.71875
Spot12.DCSID=28
Spot12.Type=HardenedAirShelter
Spot13.Coordinates=-40484.59375,279027
Spot13.DCSID=27
Spot13.Type=HardenedAirShelter
Spot14.Coordinates=-40562.71875,279138.03125
Spot14.DCSID=26
Spot14.Type=HardenedAirShelter
Spot15.Coordinates=-40697.3046875,278952.71875
Spot15.DCSID=25
Spot15.Type=HardenedAirShelter
Spot16.Coordinates=-40847.50390625,278933.875
Spot16.DCSID=24
Spot16.Type=HardenedAirShelter
Spot17.Coordinates=-40769.328125,278822.59375
Spot17.DCSID=23
Spot17.Type=HardenedAirShelter
Spot18.Coordinates=-40619.13671875,278841.59375
Spot18.DCSID=22
Spot18.Type=HardenedAirShelter
Spot19.Coordinates=-40665.9453125,279115.75
Spot19.DCSID=21
Spot19.Type=HardenedAirShelter
Spot20.Coordinates=-40587.84375,279004.53125
Spot20.DCSID=20
Spot20.Type=HardenedAirShelter
Spot21.Coordinates=-40950.88671875,278911.46875
Spot21.DCSID=19
Spot21.Type=HardenedAirShelter
Spot22.Coordinates=-40872.625,278800.34375
Spot22.DCSID=18
Spot22.Type=HardenedAirShelter
Spot23.Coordinates=-41367.76171875,278605.09375
Spot23.DCSID=17
Spot23.Type=OpenAirSpawn
Spot24.Coordinates=-41268.16796875,278675.78125
Spot24.DCSID=16
Spot24.Type=OpenAirSpawn
Spot25.Coordinates=-41170.57421875,278745.5
Spot25.DCSID=15
Spot25.Type=OpenAirSpawn
Spot26.Coordinates=-41072.97265625,278815.34375
Spot26.DCSID=14
Spot26.Type=OpenAirSpawn
Spot27.Coordinates=-41121.76171875,278780.46875
Spot27.DCSID=13
Spot27.Type=OpenAirSpawn
Spot28.Coordinates=-41219.26171875,278710.53125
Spot28.DCSID=12
Spot28.Type=OpenAirSpawn
Spot29.Coordinates=-41318.96484375,278640
Spot29.DCSID=11
Spot29.Type=OpenAirSpawn
Spot30.Coordinates=-41416.58984375,278570.15625
Spot30.DCSID=10
Spot30.Type=OpenAirSpawn
Spot31.Coordinates=-40101.39453125,279715.59375
Spot31.DCSID=9
Spot31.Type=OpenAirSpawn
Spot32.Coordinates=-40102.78515625,279675.65625
Spot32.DCSID=8
Spot32.Type=OpenAirSpawn
Spot33.Coordinates=-40104.03515625,279635.6875
Spot33.DCSID=7
Spot33.Type=OpenAirSpawn
Spot34.Coordinates=-40105.41796875,279595.6875
Spot34.DCSID=6
Spot34.Type=OpenAirSpawn
Spot35.Coordinates=-40102.11328125,279695.65625
Spot35.DCSID=5
Spot35.Type=OpenAirSpawn
Spot36.Coordinates=-40103.375,279655.71875
Spot36.DCSID=4
Spot36.Type=OpenAirSpawn
Spot37.Coordinates=-40104.6796875,279615.6875
Spot37.DCSID=3
Spot37.Type=OpenAirSpawn
Spot38.Coordinates=-40106.0234375,279575.75
Spot38.DCSID=2
Spot38.Type=OpenAirSpawn