[Airbase]
ATC=262.00/133.00
Coalition=Blue
Coordinates=-317604.90625,636704.125
DCSID=24
Elevation=18
Flags=Military,NearWater
ILS=RWY 07/111.50/064˚
Name=Kobuleti
Runways=07-25
TACAN=67X
Theater=Caucasus

[RunwaySpawns]
Spot1.Coordinates=-317576.71875,636693.875
Spot1.DCSID=1
Spot2.Coordinates=-318347.875,634572.0625
Spot2.DCSID=0

[Parking]
Spot1.Coordinates=-318191.53125,635663.3125
Spot1.DCSID=43
Spot1.Type=OpenAirSpawn
Spot2.Coordinates=-318202,635635.125
Spot2.DCSID=42
Spot2.Type=OpenAirSpawn
Spot3.Coordinates=-318212.28125,635607.0625
Spot3.DCSID=41
Spot3.Type=OpenAirSpawn
Spot4.Coordinates=-318222.53125,635578.75
Spot4.DCSID=40
Spot4.Type=OpenAirSpawn
Spot5.Coordinates=-318232.625,635550.5625
Spot5.DCSID=39
Spot5.Type=OpenAirSpawn
Spot6.Coordinates=-318242.875,635522.3125
Spot6.DCSID=38
Spot6.Type=OpenAirSpawn
Spot7.Coordinates=-318253.21875,635494.1875
Spot7.DCSID=37
Spot7.Type=OpenAirSpawn
Spot8.Coordinates=-318274.21875,635424.6875
Spot8.DCSID=36
Spot8.Type=OpenAirSpawn
Spot9.Coordinates=-318280.78125,635395.375
Spot9.DCSID=35
Spot9.Type=OpenAirSpawn
Spot10.Coordinates=-318287.8125,635366.25
Spot10.DCSID=34
Spot10.Type=OpenAirSpawn
Spot11.Coordinates=-318294.4375,635337.25
Spot11.DCSID=33
Spot11.Type=OpenAirSpawn
Spot12.Coordinates=-318301.125,635307.875
Spot12.DCSID=32
Spot12.Type=OpenAirSpawn
Spot13.Coordinates=-318307.96875,635278.5
Spot13.DCSID=31
Spot13.Type=OpenAirSpawn
Spot14.Coordinates=-318314.625,635249.25
Spot14.DCSID=30
Spot14.Type=OpenAirSpawn
Spot15.Coordinates=-318321,635219.9375
Spot15.DCSID=29
Spot15.Type=OpenAirSpawn
Spot16.Coordinates=-318328.25,635190.875
Spot16.DCSID=28
Spot16.Type=OpenAirSpawn
Spot17.Coordinates=-318082.6875,635952.875
Spot17.DCSID=27
Spot17.Type=OpenAirSpawn
Spot18.Coordinates=-318103.28125,635896.625
Spot18.DCSID=26
Spot18.Type=OpenAirSpawn
Spot19.Coordinates=-318123.4375,635840.125
Spot19.DCSID=25
Spot19.Type=OpenAirSpawn
Spot20.Coordinates=-318144.15625,635783.6875
Spot20.DCSID=24
Spot20.Type=OpenAirSpawn
Spot21.Coordinates=-318165.3125,635727.5
Spot21.DCSID=23
Spot21.Type=OpenAirSpawn
Spot22.Coordinates=-318087.625,636235.9375
Spot22.DCSID=22
Spot22.Type=HardenedAirShelter
Spot23.Coordinates=-318026.90625,636253
Spot23.DCSID=21
Spot23.Type=HardenedAirShelter
Spot24.Coordinates=-318022.46875,636169.375
Spot24.DCSID=20
Spot24.Type=HardenedAirShelter
Spot25.Coordinates=-318001.09375,636473.125
Spot25.DCSID=19
Spot25.Type=HardenedAirShelter
Spot26.Coordinates=-317940.40625,636490.1875
Spot26.DCSID=18
Spot26.Type=HardenedAirShelter
Spot27.Coordinates=-317935.9375,636407.875
Spot27.DCSID=17
Spot27.Type=HardenedAirShelter
Spot28.Coordinates=-317884.25,636664.5625
Spot28.DCSID=16
Spot28.Type=OpenAirSpawn
Spot29.Coordinates=-317688.125,636897.0625
Spot29.DCSID=15
Spot29.Type=OpenAirSpawn
Spot30.Coordinates=-317854.40625,636854.6875
Spot30.DCSID=14
Spot30.Type=OpenAirSpawn
Spot31.Coordinates=-317573.625,635851.75
Spot31.DCSID=13
Spot31.Type=HardenedAirShelter
Spot32.Coordinates=-317611.21875,635748.0625
Spot32.DCSID=12
Spot32.Type=HardenedAirShelter
Spot33.Coordinates=-317648.90625,635645
Spot33.DCSID=11
Spot33.Type=HardenedAirShelter
Spot34.Coordinates=-317686.46875,635541.1875
Spot34.DCSID=10
Spot34.Type=HardenedAirShelter
Spot35.Coordinates=-317482.28125,635756.375
Spot35.DCSID=9
Spot35.Type=HardenedAirShelter
Spot36.Coordinates=-317519.875,635652.875
Spot36.DCSID=8
Spot36.Type=HardenedAirShelter
Spot37.Coordinates=-317557.5,635549.25
Spot37.DCSID=7
Spot37.Type=HardenedAirShelter
Spot38.Coordinates=-317595.0625,635445.9375
Spot38.DCSID=6
Spot38.Type=HardenedAirShelter
Spot39.Coordinates=-317652.375,635288.25
Spot39.DCSID=5
Spot39.Type=HardenedAirShelter
Spot40.Coordinates=-317776.65625,635293
Spot40.DCSID=4
Spot40.Type=HardenedAirShelter
Spot41.Coordinates=-317748.375,635096.5625
Spot41.DCSID=3
Spot41.Type=OpenAirSpawn
Spot42.Coordinates=-317882.375,635012.9375
Spot42.DCSID=2
Spot42.Type=OpenAirSpawn
