[Airbase]
ATC=257.00/128.00
Coalition=Red
Coordinates=8706.8193359375,388985.71875
DCSID=19
Elevation=34
Flags=
ILS=-
Name=Krasnodar-Pashkovsky
Runways=05R-23L,05L-23R
TACAN=-
Theater=Caucasus

[RunwaySpawns]
Spot1.Coordinates=8728.7802734375,388965.28125
Spot1.DCSID=20
Spot2.Coordinates=6706.494140625,386792.34375
Spot2.DCSID=19

[Parking]
Spot1.Coordinates=7078.2197265625,386882.03125
Spot1.DCSID=18
Spot1.Type=OpenAirSpawn
Spot2.Coordinates=6873.2958984375,386659.09375
Spot2.DCSID=17
Spot2.Type=OpenAirSpawn
Spot3.Coordinates=6913.8081054688,386703.46875
Spot3.DCSID=16
Spot3.Type=OpenAirSpawn
Spot4.Coordinates=6954.724609375,386747.53125
Spot4.DCSID=15
Spot4.Type=OpenAirSpawn
Spot5.Coordinates=6995.46484375,386791.375
Spot5.DCSID=14
Spot5.Type=OpenAirSpawn
Spot6.Coordinates=7036.2416992188,386835.375
Spot6.DCSID=13
Spot6.Type=OpenAirSpawn
Spot7.Coordinates=8158.8012695313,388037.375
Spot7.DCSID=12
Spot7.Type=OpenAirSpawn
Spot8.Coordinates=7912.8627929688,387770.71875
Spot8.DCSID=11
Spot8.Type=OpenAirSpawn
Spot9.Coordinates=7953.8774414063,387814.4375
Spot9.DCSID=10
Spot9.Type=OpenAirSpawn
Spot10.Coordinates=7994.3901367188,387858.8125
Spot10.DCSID=9
Spot10.Type=OpenAirSpawn
Spot11.Coordinates=8035.1831054688,387902.75
Spot11.DCSID=8
Spot11.Type=OpenAirSpawn
Spot12.Coordinates=8076.0463867188,387946.71875
Spot12.DCSID=7
Spot12.Type=OpenAirSpawn
Spot13.Coordinates=8116.8237304688,387990.71875
Spot13.DCSID=6
Spot13.Type=OpenAirSpawn
Spot14.Coordinates=8648.1572265625,388559.3125
Spot14.DCSID=5
Spot14.Type=OpenAirSpawn
Spot15.Coordinates=8689.171875,388603.03125
Spot15.DCSID=4
Spot15.Type=OpenAirSpawn
Spot16.Coordinates=8729.6845703125,388647.40625
Spot16.DCSID=3
Spot16.Type=OpenAirSpawn
Spot17.Coordinates=8770.4775390625,388691.34375
Spot17.DCSID=2
Spot17.Type=OpenAirSpawn
Spot18.Coordinates=8811.3408203125,388735.3125
Spot18.DCSID=1
Spot18.Type=OpenAirSpawn
Spot19.Coordinates=8852.1181640625,388779.3125
Spot19.DCSID=0
Spot19.Type=OpenAirSpawn
