[Airbase]
ATC=257.00/128.00
Coalition=Red
Coordinates=8706.8193359375,388985.71875
DCSID=19
Elevation=34
Flags=
ILS=-
Name=Krasnodar-Pashkovsky
Runways=05R-23L,05L-23R
RunwayLengthFt=9738
TACAN=-
Theater=Caucasus

[Parking]
Spot3.Coordinates=7078.2197265625,386882.03125
Spot3.DCSID=18
Spot3.Type=OpenAirSpawn
Spot4.Coordinates=6873.2958984375,386659.09375
Spot4.DCSID=17
Spot4.Type=OpenAirSpawn
Spot5.Coordinates=6913.8081054688,386703.46875
Spot5.DCSID=16
Spot5.Type=OpenAirSpawn 
Spot6.Coordinates=6954.724609375,386747.53125
Spot6.DCSID=15
Spot6.Type=OpenAirSpawn
Spot7.Coordinates=6995.46484375,386791.375
Spot7.DCSID=14
Spot7.Type=OpenAirSpawn
Spot8.Coordinates=7036.2416992188,386835.375
Spot8.DCSID=13
Spot8.Type=OpenAirSpawn
Spot9.Coordinates=8158.8012695313,388037.375
Spot9.DCSID=12
Spot9.Type=OpenAirSpawn
Spot10.Coordinates=7912.8627929688,387770.71875
Spot10.DCSID=11
Spot10.Type=OpenAirSpawn
Spot11.Coordinates=7953.8774414063,387814.4375
Spot11.DCSID=10
Spot11.Type=OpenAirSpawn
Spot12.Coordinates=7994.3901367188,387858.8125
Spot12.DCSID=9
Spot12.Type=OpenAirSpawn
Spot13.Coordinates=8035.1831054688,387902.75
Spot13.DCSID=8
Spot13.Type=OpenAirSpawn
Spot14.Coordinates=8076.0463867188,387946.71875
Spot14.DCSID=7
Spot14.Type=OpenAirSpawn
Spot15.Coordinates=8116.8237304688,387990.71875
Spot15.DCSID=6
Spot15.Type=OpenAirSpawn 
Spot16.Coordinates=8648.1572265625,388559.3125
Spot16.DCSID=5
Spot16.Type=OpenAirSpawn
Spot17.Coordinates=8689.171875,388603.03125
Spot17.DCSID=4
Spot17.Type=OpenAirSpawn
Spot18.Coordinates=8729.6845703125,388647.40625
Spot18.DCSID=3
Spot18.Type=OpenAirSpawn
Spot19.Coordinates=8770.4775390625,388691.34375
Spot19.DCSID=2
Spot19.Type=OpenAirSpawn
Spot20.Coordinates=8811.3408203125,388735.3125
Spot20.DCSID=1
Spot20.Type=OpenAirSpawn
Spot21.Coordinates=8852.1181640625,388779.3125
Spot21.DCSID=0
Spot21.Type=OpenAirSpawn

