[Airbase]
ATC=259.00/130.00
Coalition=Blue
Coordinates=-195650.515625,515898.75
DCSID=21
Elevation=21
Flags=Military,NearWater
ILS=-
Name=Gudauta
Runways=15-33
TACAN=-
Theater=Caucasus

[RunwaySpawns]
Spot1.Coordinates=-195665.0625,515872.5
Spot1.DCSID=31
Spot2.Coordinates=-197755.109375,517030.875
Spot2.DCSID=30

[Parking]
Spot1.Coordinates=-197711.09375,516348.75
Spot1.DCSID=32
Spot1.Type=OpenAirSpawn
Spot2.Coordinates=-197889.875,516728.78125
Spot2.DCSID=29
Spot2.Type=OpenAirSpawn
Spot3.Coordinates=-197864.015625,516674.625
Spot3.DCSID=28
Spot3.Type=OpenAirSpawn
Spot4.Coordinates=-197838.5,516620.28125
Spot4.DCSID=27
Spot4.Type=OpenAirSpawn
Spot5.Coordinates=-197812.953125,516566
Spot5.DCSID=26
Spot5.Type=OpenAirSpawn
Spot6.Coordinates=-197787.234375,516511.8125
Spot6.DCSID=25
Spot6.Type=OpenAirSpawn
Spot7.Coordinates=-197762.09375,516457.375
Spot7.DCSID=24
Spot7.Type=OpenAirSpawn
Spot8.Coordinates=-197736.15625,516403.15625
Spot8.DCSID=23
Spot8.Type=OpenAirSpawn
Spot9.Coordinates=-197684.609375,516294.84375
Spot9.DCSID=22
Spot9.Type=OpenAirSpawn
Spot10.Coordinates=-197659.234375,516240.625
Spot10.DCSID=21
Spot10.Type=OpenAirSpawn
Spot11.Coordinates=-196667.28125,515903.15625
Spot11.DCSID=20
Spot11.Type=HardenedAirShelter
Spot12.Coordinates=-196576.625,515807.625
Spot12.DCSID=19
Spot12.Type=HardenedAirShelter
Spot13.Coordinates=-196565.125,515889.5
Spot13.DCSID=18
Spot13.Type=HardenedAirShelter
Spot14.Coordinates=-196722.5,515802.6875
Spot14.DCSID=17
Spot14.Type=HardenedAirShelter
Spot15.Coordinates=-196631.859375,515707.09375
Spot15.DCSID=16
Spot15.Type=HardenedAirShelter
Spot16.Coordinates=-196620.359375,515789
Spot16.DCSID=15
Spot16.Type=HardenedAirShelter
Spot17.Coordinates=-196777.375,515702.40625
Spot17.DCSID=14
Spot17.Type=HardenedAirShelter
Spot18.Coordinates=-196675.53125,515688.8125
Spot18.DCSID=13
Spot18.Type=HardenedAirShelter
Spot19.Coordinates=-196686.8125,515606.90625
Spot19.DCSID=12
Spot19.Type=HardenedAirShelter
Spot20.Coordinates=-196331.578125,515777.59375
Spot20.DCSID=11
Spot20.Type=HardenedAirShelter
Spot21.Coordinates=-196433.703125,515791.28125
Spot21.DCSID=10
Spot21.Type=HardenedAirShelter
Spot22.Coordinates=-196422.203125,515873.25
Spot22.DCSID=9
Spot22.Type=HardenedAirShelter
Spot23.Coordinates=-196386.765625,515677.09375
Spot23.DCSID=8
Spot23.Type=HardenedAirShelter
Spot24.Coordinates=-196488.9375,515690.8125
Spot24.DCSID=7
Spot24.Type=HardenedAirShelter
Spot25.Coordinates=-196477.46875,515772.8125
Spot25.DCSID=6
Spot25.Type=HardenedAirShelter
Spot26.Coordinates=-196441.921875,515576.96875
Spot26.DCSID=5
Spot26.Type=HardenedAirShelter
Spot27.Coordinates=-196543.90625,515590.65625
Spot27.DCSID=4
Spot27.Type=HardenedAirShelter
Spot28.Coordinates=-196532.328125,515672.59375
Spot28.DCSID=3
Spot28.Type=HardenedAirShelter
Spot29.Coordinates=-196587.828125,515571.71875
Spot29.DCSID=2
Spot29.Type=HardenedAirShelter
Spot30.Coordinates=-196599.296875,515489.78125
Spot30.DCSID=1
Spot30.Type=HardenedAirShelter
Spot31.Coordinates=-196497.375,515476.09375
Spot31.DCSID=0
Spot31.Type=HardenedAirShelter
