[Airbase]
ATC=265.00/136.00
Coalition=Red
Coordinates=-125499.5390625,759543.375
DCSID=27
Elevation=430
Flags=
ILS=RWY 24/110.50/229˚
Name=Nalchik
Runways=06-24
TACAN=-
Theater=Caucasus

[RunwaySpawns]
Spot1.Coordinates=-124300.6484375,761338.8125
Spot1.DCSID=16
Spot2.Coordinates=-125524.2578125,759560.375
Spot2.DCSID=0

[Parking]
Spot1.Coordinates=-125245.3515625,760596.3125
Spot1.DCSID=15
Spot1.Type=OpenAirSpawn
Spot2.Coordinates=-125116.8515625,760798.75
Spot2.DCSID=14
Spot2.Type=OpenAirSpawn
Spot3.Coordinates=-125181.859375,760698.25
Spot3.DCSID=13
Spot3.Type=OpenAirSpawn
Spot4.Coordinates=-125214.2734375,760647.625
Spot4.DCSID=12
Spot4.Type=OpenAirSpawn
Spot5.Coordinates=-125148.34375,760748
Spot5.DCSID=11
Spot5.Type=OpenAirSpawn
Spot6.Coordinates=-125279.2734375,760546.6875
Spot6.DCSID=10
Spot6.Type=OpenAirSpawn
Spot7.Coordinates=-125296.2890625,760521.9375
Spot7.DCSID=9
Spot7.Type=OpenAirSpawn
Spot8.Coordinates=-125313.25,760497.25
Spot8.DCSID=8
Spot8.Type=OpenAirSpawn
Spot9.Coordinates=-125330.2734375,760472.5625
Spot9.DCSID=7
Spot9.Type=OpenAirSpawn
Spot10.Coordinates=-125347.265625,760447.8125
Spot10.DCSID=6
Spot10.Type=OpenAirSpawn
Spot11.Coordinates=-125364.265625,760423.0625
Spot11.DCSID=5
Spot11.Type=OpenAirSpawn
Spot12.Coordinates=-125381.203125,760398.375
Spot12.DCSID=4
Spot12.Type=OpenAirSpawn
Spot13.Coordinates=-125398.1953125,760373.625
Spot13.DCSID=3
Spot13.Type=OpenAirSpawn
Spot14.Coordinates=-125415.2265625,760348.875
Spot14.DCSID=2
Spot14.Type=OpenAirSpawn
Spot15.Coordinates=-125432.2109375,760324.1875
Spot15.DCSID=1
Spot15.Type=OpenAirSpawn
