[Airbase]
ATC=266.00/137.00
Coalition=Red
Coordinates=-83329.7890625,835634.6875
DCSID=28
Elevation=154
Flags=Military
ILS=-
Name=Mozdok
Runways=08-26
RunwayLengthFt=7734
TACAN=-
Theater=Caucasus

[Parking]
Spot1.Coordinates=-83760.5703125,835549.6875
Spot1.DCSID=40
Spot1.Type=OpenAirSpawn
Spot2.Coordinates=-83717,835330.4375
Spot2.DCSID=39
Spot2.Type=OpenAirSpawn
Spot3.Coordinates=-83765.015625,835046.6875
Spot3.DCSID=38
Spot3.Type=OpenAirSpawn
Spot4.Coordinates=-83880.1015625,835277.3125
Spot4.DCSID=37
Spot4.Type=OpenAirSpawn
Spot5.Coordinates=-83893.7734375,835169.1875
Spot5.DCSID=36
Spot5.Type=OpenAirSpawn 
Spot6.Coordinates=-83920.671875,834962.125
Spot6.DCSID=35
Spot6.Type=OpenAirSpawn
Spot7.Coordinates=-83934.8984375,834858.75
Spot7.DCSID=34
Spot7.Type=OpenAirSpawn
Spot8.Coordinates=-83947.3046875,834754.375
Spot8.DCSID=33
Spot8.Type=OpenAirSpawn
Spot9.Coordinates=-83960.6328125,834654.125
Spot9.DCSID=32
Spot9.Type=OpenAirSpawn
Spot10.Coordinates=-83973.8359375,834548.8125
Spot10.DCSID=31
Spot10.Type=OpenAirSpawn
Spot11.Coordinates=-83987.2578125,834443.625
Spot11.DCSID=30
Spot11.Type=OpenAirSpawn
Spot12.Coordinates=-83873.859375,835326.125
Spot12.DCSID=29
Spot12.Type=OpenAirSpawn
Spot13.Coordinates=-83886.328125,835222.6875
Spot13.DCSID=28
Spot13.Type=OpenAirSpawn
Spot14.Coordinates=-83899.8359375,835118.5625
Spot14.DCSID=27
Spot14.Type=OpenAirSpawn
Spot15.Coordinates=-83913.234375,835014.375
Spot15.DCSID=26
Spot15.Type=OpenAirSpawn 
Spot16.Coordinates=-83926.640625,834910.25
Spot16.DCSID=25
Spot16.Type=OpenAirSpawn
Spot17.Coordinates=-83940.0078125,834806.125
Spot17.DCSID=24
Spot17.Type=OpenAirSpawn
Spot18.Coordinates=-83953.3984375,834702
Spot18.DCSID=23
Spot18.Type=OpenAirSpawn
Spot19.Coordinates=-83966.6796875,834597.8125
Spot19.DCSID=22
Spot19.Type=OpenAirSpawn
Spot20.Coordinates=-83980.2890625,834493.75
Spot20.DCSID=21
Spot20.Type=OpenAirSpawn
Spot21.Coordinates=-83993.78125,834389.625
Spot21.DCSID=20
Spot21.Type=OpenAirSpawn
Spot22.Coordinates=-84020.65625,834181.3125
Spot22.DCSID=19
Spot22.Type=OpenAirSpawn
Spot23.Coordinates=-84034.0390625,834077.1875
Spot23.DCSID=18
Spot23.Type=OpenAirSpawn
Spot24.Coordinates=-84060.8046875,833868.9375
Spot24.DCSID=17
Spot24.Type=OpenAirSpawn
Spot25.Coordinates=-84067.1640625,833603.9375
Spot25.DCSID=16
Spot25.Type=OpenAirSpawn 
Spot26.Coordinates=-83959.7578125,833464.9375
Spot26.DCSID=15
Spot26.Type=OpenAirSpawn
Spot27.Coordinates=-83930.3125,833278.375
Spot27.DCSID=14
Spot27.Type=OpenAirSpawn
Spot28.Coordinates=-83941.125,833133.6875
Spot28.DCSID=13
Spot28.Type=OpenAirSpawn
Spot29.Coordinates=-83952.578125,833011.75
Spot29.DCSID=12
Spot29.Type=OpenAirSpawn
Spot30.Coordinates=-83973.453125,832792.5625
Spot30.DCSID=11
Spot30.Type=OpenAirSpawn
Spot31.Coordinates=-85074.921875,832018.5625
Spot31.DCSID=10
Spot31.Type=OpenAirSpawn
Spot32.Coordinates=-85087.8515625,831900.375
Spot32.DCSID=9
Spot32.Type=OpenAirSpawn
Spot33.Coordinates=-85116.234375,831784.6875
Spot33.DCSID=8
Spot33.Type=OpenAirSpawn
Spot34.Coordinates=-85246.7734375,831859.625
Spot34.DCSID=7
Spot34.Type=OpenAirSpawn
Spot35.Coordinates=-85213.28125,831977.8125
Spot35.DCSID=6
Spot35.Type=OpenAirSpawn 
Spot36.Coordinates=-85269.125,832171
Spot36.DCSID=5
Spot36.Type=OpenAirSpawn
Spot37.Coordinates=-85226.8046875,832297.1875
Spot37.DCSID=4
Spot37.Type=OpenAirSpawn
Spot38.Coordinates=-85129.6015625,832223.8125
Spot38.DCSID=3
Spot38.Type=OpenAirSpawn
Spot41.Coordinates=-84047.34375,833973.125
Spot41.DCSID=0
Spot41.Type=OpenAirSpawn

