[Airbase]
ATC=250.15/118.30
Coalition=Red
Coordinates=-197662.546875,-559734.5
DCSID=6
Elevation=60
Flags=NearWater
ILS=RWY 26/109.50
Name=Rio Grande
Runways=8-26
RunwayLengthFt=5922
TACAN=31X
Theater=Falklands

[Parking]
Spot1.Coordinates=-197662.546875,-559734.5
Spot1.DCSID=8
Spot1.Type=OpenAirSpawn
Spot2.Coordinates=-197628.375,-559741.75
Spot2.DCSID=7
Spot2.Type=OpenAirSpawn
Spot3.Coordinates=-197597.0625,-559748.25
Spot3.DCSID=6
Spot3.Type=OpenAirSpawn
Spot4.Coordinates=-197567.6875,-559791
Spot4.DCSID=5
Spot4.Type=OpenAirSpawn
Spot5.Coordinates=-197572.796875,-559820.625
Spot5.DCSID=4
Spot5.Type=OpenAirSpawn
Spot6.Coordinates=-197579.3125,-559850.8125
Spot6.DCSID=3
Spot6.Type=OpenAirSpawn
Spot7.Coordinates=-197547.515625,-559618.625
Spot7.DCSID=2
Spot7.Type=OpenAirSpawn

