[Airbase]
ATC=250.10/119.10
Coalition=Red
Coordinates=26165.015625,-702249.8125
DCSID=5
Elevation=50
Flags=NearWater
ILS=RWY 25/111.30
Name=Rio Gallegos
Runways=7-25
RunwayLengthFt=10585
TACAN=-
Theater=Falklands

[Parking]
Spot1.Coordinates=26165.015625,-702249.8125
Spot1.DCSID=25
Spot1.Type=HelicopterOnly
Spot2.Coordinates=26758.2890625,-701285.375
Spot2.DCSID=24
Spot2.Type=OpenAirSpawn
Spot3.Coordinates=26769.150390625,-701260.9375
Spot3.DCSID=23
Spot3.Type=OpenAirSpawn
Spot4.Coordinates=26747.341796875,-701310.375
Spot4.DCSID=22
Spot4.Type=OpenAirSpawn
Spot5.Coordinates=26806.5703125,-701339.25
Spot5.DCSID=21
Spot5.Type=OpenAirSpawn
Spot6.Coordinates=26817.02734375,-701313.8125
Spot6.DCSID=20
Spot6.Type=OpenAirSpawn
Spot7.Coordinates=26828.75390625,-701285.875
Spot7.DCSID=19
Spot7.Type=AirplaneOnly
Spot9.Coordinates=26049.16015625,-703351.125
Spot9.DCSID=17
Spot9.Type=HelicopterOnly
Spot11.Coordinates=26078.0625,-703388.8125
Spot11.DCSID=15
Spot11.Type=HelicopterOnly
Spot12.Coordinates=25722.125,-702180.3125
Spot12.DCSID=14
Spot12.Type=AirplaneOnly
Spot13.Coordinates=25662.34375,-702489.375
Spot13.DCSID=13
Spot13.Type=OpenAirSpawn
Spot14.Coordinates=25645.353515625,-702559.125
Spot14.DCSID=12
Spot14.Type=OpenAirSpawn
Spot15.Coordinates=25555.93359375,-702856.6875
Spot15.DCSID=11
Spot15.Type=OpenAirSpawn
Spot16.Coordinates=25545.5546875,-702839.9375
Spot16.DCSID=10
Spot16.Type=OpenAirSpawn
Spot17.Coordinates=25535.208984375,-702822.8125
Spot17.DCSID=9
Spot17.Type=OpenAirSpawn
Spot18.Coordinates=25514.3671875,-702789.6875
Spot18.DCSID=8
Spot18.Type=OpenAirSpawn
Spot19.Coordinates=25524.75390625,-702806.5
Spot19.DCSID=7
Spot19.Type=OpenAirSpawn
Spot20.Coordinates=25504.27734375,-702772.4375
Spot20.DCSID=6
Spot20.Type=OpenAirSpawn
Spot21.Coordinates=25492.90234375,-702755
Spot21.DCSID=5
Spot21.Type=OpenAirSpawn
Spot22.Coordinates=26471.986328125,-701515.125
Spot22.DCSID=4
Spot22.Type=AirplaneOnly
Spot23.Coordinates=26682.455078125,-701642.25
Spot23.DCSID=3
Spot23.Type=OpenAirSpawn
Spot24.Coordinates=26615,-701722.25
Spot24.DCSID=2
Spot24.Type=AirplaneOnly
Spot25.Coordinates=26535.212890625,-701657.625
Spot25.DCSID=1
Spot25.Type=AirplaneOnly
Spot26.Coordinates=26473.5,-701737.125
Spot26.DCSID=0
Spot26.Type=AirplaneOnly