[Airbase]
ATC=250.00/118.10
Coalition=Blue
Coordinates=88906.8203125,94705.6171875
DCSID=1
Elevation=67
Flags=NearWater
ILS=-
Name=Port Stanley
Name.PRT=Tortuga
Runways=9-27
RunwayLengthFt=4388
TACAN=-
Theater=Falklands

[Parking]
Spot1.Coordinates=88906.8203125,94705.6171875
Spot1.DCSID=17
Spot1.Type=OpenAirSpawn
Spot2.Coordinates=88880.53125,94599.15625
Spot2.DCSID=16
Spot2.Type=OpenAirSpawn
Spot3.Coordinates=89198.0859375,94721.453125
Spot3.DCSID=15
Spot3.Type=HelicopterOnly
Spot4.Coordinates=89198.03125,94767.4296875
Spot4.DCSID=14
Spot4.Type=HelicopterOnly
Spot5.Coordinates=89159,94768.34375
Spot5.DCSID=13
Spot5.Type=HelicopterOnly
Spot6.Coordinates=89159.5546875,94720.1171875
Spot6.DCSID=12
Spot6.Type=HelicopterOnly
Spot7.Coordinates=88752.515625,94042.40625
Spot7.DCSID=11
Spot7.Type=OpenAirSpawn
Spot8.Coordinates=88774.0390625,94032.109375
Spot8.DCSID=10
Spot8.Type=OpenAirSpawn
Spot9.Coordinates=88793.125,94016.6484375
Spot9.DCSID=9
Spot9.Type=OpenAirSpawn
Spot10.Coordinates=88821.21875,93953.375
Spot10.DCSID=8
Spot10.Type=OpenAirSpawn
Spot11.Coordinates=88843.453125,93952.5
Spot11.DCSID=7
Spot11.Type=OpenAirSpawn
Spot12.Coordinates=88862.609375,93952.4296875
Spot12.DCSID=6
Spot12.Type=OpenAirSpawn
Spot13.Coordinates=88875.390625,93658.984375
Spot13.DCSID=5
Spot13.Type=OpenAirSpawn
Spot14.Coordinates=88874.7890625,93638.0703125
Spot14.DCSID=4
Spot14.Type=OpenAirSpawn
Spot15.Coordinates=88874.15625,93617.3125
Spot15.DCSID=3
Spot15.Type=OpenAirSpawn
Spot16.Coordinates=88872.890625,93596.390625
Spot16.DCSID=2
Spot16.Type=OpenAirSpawn

