[Airbase]
ATC=250.05/133.35
Coalition=Blue
Coordinates=74071,48491.453125
DCSID=2
Elevation=243
Flags=NearWater
ILS=RWY 28/111.90
Name=Mount Pleasant
Runways=10-28
RunwayLengthFt=6763
TACAN=-
Theater=Falklands

[Parking]
Spot1.Coordinates=74071,48491.453125
Spot1.DCSID=40
Spot1.Type=OpenAirSpawn
Spot2.Coordinates=74072.9140625,48465.65625
Spot2.DCSID=39
Spot2.Type=OpenAirSpawn
Spot3.Coordinates=74074.21875,48439.36328125
Spot3.DCSID=38
Spot3.Type=OpenAirSpawn
Spot4.Coordinates=74065.7890625,48260.6171875
Spot4.DCSID=37
Spot4.Type=AirplaneOnly
Spot5.Coordinates=73346.703125,45895.765625
Spot5.DCSID=36
Spot5.Type=HelicopterOnly
Spot6.Coordinates=73393.3671875,45868.8515625
Spot6.DCSID=35
Spot6.Type=HelicopterOnly
Spot7.Coordinates=73431.203125,45845.4375
Spot7.DCSID=34
Spot7.Type=HelicopterOnly
Spot8.Coordinates=73456.4453125,45520.0234375
Spot8.DCSID=33
Spot8.Type=HelicopterOnly
Spot9.Coordinates=73188.28125,45697.09375
Spot9.DCSID=32
Spot9.Type=HelicopterOnly
Spot10.Coordinates=73203.796875,45833.40234375
Spot10.DCSID=31
Spot10.Type=HelicopterOnly
Spot11.Coordinates=73781.890625,48319.76953125
Spot11.DCSID=30
Spot11.Type=AirplaneOnly
Spot12.Coordinates=73844.46875,48107.10546875
Spot12.DCSID=29
Spot12.Type=AirplaneOnly
Spot13.Coordinates=74058.265625,48605.08984375
Spot13.DCSID=28
Spot13.Type=AirplaneOnly
Spot14.Coordinates=73994.3515625,48923.6953125
Spot14.DCSID=27
Spot14.Type=AirplaneOnly
Spot15.Coordinates=74119.4921875,48826.765625
Spot15.DCSID=26
Spot15.Type=AirplaneOnly
Spot16.Coordinates=73894.515625,48481.7265625
Spot16.DCSID=25
Spot16.Type=AirplaneOnly
Spot17.Coordinates=73852.671875,48685.359375
Spot17.DCSID=24
Spot17.Type=AirplaneOnly
Spot18.Coordinates=73155.828125,48683.015625
Spot18.DCSID=23
Spot18.Type=AirplaneOnly
Spot19.Coordinates=73649.953125,46719.84765625
Spot19.DCSID=22
Spot19.Type=OpenAirSpawn
Spot20.Coordinates=73868.8359375,46166.953125
Spot20.DCSID=21
Spot20.Type=OpenAirSpawn
Spot21.Coordinates=73075.234375,45856.75390625
Spot21.DCSID=20
Spot21.Type=HelicopterOnly
Spot22.Coordinates=73188.0703125,45901.59765625
Spot22.DCSID=19
Spot22.Type=HelicopterOnly
Spot25.Coordinates=73351.9375,48674.203125
Spot25.DCSID=16
Spot25.Type=AirplaneOnly
Spot26.Coordinates=73262.4296875,48492.83984375
Spot26.DCSID=15
Spot26.Type=AirplaneOnly
Spot27.Coordinates=73649.9375,48974.796875
Spot27.DCSID=14
Spot27.Type=AirplaneOnly
Spot28.Coordinates=73463.3125,48975.88671875
Spot28.DCSID=13
Spot28.Type=AirplaneOnly
Spot29.Coordinates=73346.71875,49144.359375
Spot29.DCSID=12
Spot29.Type=AirplaneOnly
Spot30.Coordinates=73187.1015625,48920.2578125
Spot30.DCSID=11
Spot30.Type=AirplaneOnly
Spot31.Coordinates=73191.5625,48786.3046875
Spot31.DCSID=10
Spot31.Type=AirplaneOnly
Spot32.Coordinates=73227.1171875,46519.15625
Spot32.DCSID=9
Spot32.Type=OpenAirSpawn
Spot33.Coordinates=73182.453125,46508.078125
Spot33.DCSID=8
Spot33.Type=OpenAirSpawn
Spot34.Coordinates=73194.4140625,46462.2578125
Spot34.DCSID=7
Spot34.Type=OpenAirSpawn
Spot35.Coordinates=73239.171875,46472.59765625
Spot35.DCSID=6
Spot35.Type=OpenAirSpawn
Spot36.Coordinates=73232.9609375,46309.46875
Spot36.DCSID=5
Spot36.Type=OpenAirSpawn
Spot37.Coordinates=73279.296875,46320.1953125
Spot37.DCSID=4
Spot37.Type=OpenAirSpawn
Spot38.Coordinates=73243.7578125,46258.8515625
Spot38.DCSID=3
Spot38.Type=OpenAirSpawn
Spot39.Coordinates=73289.8359375,46269.83984375
Spot39.DCSID=2
Spot39.Type=OpenAirSpawn

