[Airbase]
ATC=340.2/118.1
Coalition=Blue
Coordinates=-23.656189,-77.940186
DCSID=4
Elevation=78
Flags=NearWater
ILS=RWY 06/110.30/065˚
Name=Antonio B. Won Pat
Runways=06(L/R)-24(L/R)
RunwayLengthFt=9359
TACAN=-
Theater=MarianaIslands

[Parking]
Spot1.Coordinates=930.90014648438,1247.4781494141
Spot1.DCSID=26
Spot1.Type=OpenAirSpawn
Spot2.Coordinates=-508.40155029297,233.57110595703
Spot2.DCSID=25
Spot2.Type=OpenAirSpawn
Spot3.Coordinates=-478.32592773438,300.09509277344
Spot3.DCSID=24
Spot3.Type=OpenAirSpawn
Spot4.Coordinates=-449.54592895508,364.64956665039
Spot4.DCSID=23
Spot4.Type=OpenAirSpawn
Spot5.Coordinates=-419.94061279297,429.78918457031
Spot5.DCSID=22
Spot5.Type=OpenAirSpawn
Spot6.Coordinates=-387.22058105469,503.13943481445
Spot6.DCSID=21
Spot6.Type=OpenAirSpawn
Spot7.Coordinates=-357.14587402344,570.22686767578
Spot7.DCSID=20
Spot7.Type=OpenAirSpawn
Spot9.Coordinates=987.93524169922,1084.8646240234
Spot9.DCSID=18
Spot9.Type=OpenAirSpawn
Spot10.Coordinates=1009.8323364258,1124.9478759766
Spot10.DCSID=17
Spot10.Type=OpenAirSpawn
Spot11.Coordinates=1030.521484375,1165.5142822266
Spot11.DCSID=16
Spot11.Type=OpenAirSpawn
Spot12.Coordinates=1057.2142333984,1206.6239013672
Spot12.DCSID=15
Spot12.Type=OpenAirSpawn
Spot13.Coordinates=1061.9135742188,1264.2581787109
Spot13.DCSID=14
Spot13.Type=OpenAirSpawn
Spot14.Coordinates=1021.7053222656,1303.4621582031
Spot14.DCSID=13
Spot14.Type=OpenAirSpawn
Spot17.Coordinates=964.23852539063,1304.1909179688
Spot17.DCSID=10
Spot17.Type=OpenAirSpawn
Spot18.Coordinates=656.14630126953,729.50567626953
Spot18.DCSID=9
Spot18.Type=OpenAirSpawn
Spot19.Coordinates=686.99957275391,788.45050048828
Spot19.DCSID=8
Spot19.Type=OpenAirSpawn
Spot20.Coordinates=719.86956787109,849.861328125
Spot20.DCSID=7
Spot20.Type=OpenAirSpawn
Spot21.Coordinates=752.67144775391,911.82092285156
Spot21.DCSID=6
Spot21.Type=OpenAirSpawn
Spot22.Coordinates=785.39916992188,973.69891357422
Spot22.DCSID=5
Spot22.Type=OpenAirSpawn
Spot23.Coordinates=831.55505371094,1061.0874023438
Spot23.DCSID=4
Spot23.Type=OpenAirSpawn
Spot25.Coordinates=877.47869873047,1147.7442626953
Spot25.DCSID=2
Spot25.Type=OpenAirSpawn
Spot26.Coordinates=903.26086425781,1196.6584472656
Spot26.DCSID=1
Spot26.Type=OpenAirSpawn
Spot27.Coordinates=624.08526611328,668.80841064453
Spot27.DCSID=0
Spot27.Type=OpenAirSpawn

