[Airbase]
ATC=250.9/125.7
Coalition=Red
Coordinates=180035.4375,101855.960938
DCSID=2
Elevation=64
Flags=NearWater
ILS=RWY 07/109.90/068˚
Name=Saipan
Runways=07-25
TACAN=-
Theater=MarianaIslands

[Parking]
Spot1.Coordinates=180471.484375,101585.0078125
Spot1.DCSID=21
Spot1.Type=OpenAirSpawn
Spot2.Coordinates=180522.9375,101585.875
Spot2.DCSID=20
Spot2.Type=OpenAirSpawn
Spot3.Coordinates=180564.6875,101586.8203125
Spot3.DCSID=19
Spot3.Type=OpenAirSpawn
Spot4.Coordinates=180392.984375,101485.75
Spot4.DCSID=18
Spot4.Type=OpenAirSpawn
Spot5.Coordinates=180446.546875,101489.734375
Spot5.DCSID=17
Spot5.Type=OpenAirSpawn
Spot6.Coordinates=180509.453125,101506.2421875
Spot6.DCSID=16
Spot6.Type=OpenAirSpawn
Spot7.Coordinates=180553.9375,101506.9140625
Spot7.DCSID=15
Spot7.Type=OpenAirSpawn
Spot8.Coordinates=180602.6875,101508.3359375
Spot8.DCSID=14
Spot8.Type=OpenAirSpawn
Spot9.Coordinates=180648.296875,101509.296875
Spot9.DCSID=13
Spot9.Type=OpenAirSpawn
Spot10.Coordinates=180690.703125,101510.234375
Spot10.DCSID=12
Spot10.Type=OpenAirSpawn
Spot11.Coordinates=180737.5,101510.6796875
Spot11.DCSID=11
Spot11.Type=OpenAirSpawn
Spot12.Coordinates=180779.625,101512.6015625
Spot12.DCSID=10
Spot12.Type=OpenAirSpawn
Spot13.Coordinates=180819.109375,101515.8984375
Spot13.DCSID=9
Spot13.Type=OpenAirSpawn
Spot14.Coordinates=180161.78125,101053.875
Spot14.DCSID=8
Spot14.Type=OpenAirSpawn
Spot15.Coordinates=180288.28125,101389.2734375
Spot15.DCSID=7
Spot15.Type=OpenAirSpawn
Spot16.Coordinates=180261.25,101322.09375
Spot16.DCSID=6
Spot16.Type=OpenAirSpawn
Spot17.Coordinates=180234.25,101254.765625
Spot17.DCSID=5
Spot17.Type=OpenAirSpawn
Spot18.Coordinates=180207.171875,101187.5625
Spot18.DCSID=4
Spot18.Type=OpenAirSpawn
Spot19.Coordinates=180180.15625,101120.2890625
Spot19.DCSID=3
Spot19.Type=OpenAirSpawn

