[Airbase]
ATC=340.2/118.1
Coalition=Blue
Coordinates=-23.656189,-77.940186
DCSID=5
Elevation=78
Flags=NearWater
ILS=RWY 06/110.30/065˚
Name=Antonio B. Won Pat
Runways=06(L/R)-24(L/R)
TACAN=-
Theater=MarianaIslands

[RunwaySpawns]
Spot1.Coordinates=-23.656189,-77.940186
Spot1.DCSID=0

[Parking]
Spot17.Coordinates=-508.40157664646,233.57108844941
Spot17.DCSID=17
Spot17.Type=OpenAirSpawn
Spot18.Coordinates=-478.32594973967,300.09519733612
Spot18.DCSID=18
Spot18.Type=OpenAirSpawn
Spot19.Coordinates=-449.54586791992,364.64956665039
Spot19.DCSID=19
Spot19.Type=OpenAirSpawn
Spot20.Coordinates=-419.94064331055,429.78921508789
Spot20.DCSID=20
Spot20.Type=OpenAirSpawn
Spot21.Coordinates=-387.22058105469,503.13943481445
Spot21.DCSID=21
Spot21.Type=OpenAirSpawn
Spot22.Coordinates=-357.14587402344,570.22686767578
Spot22.DCSID=22
Spot22.Type=OpenAirSpawn
Spot1.Coordinates=624.08526611328,668.80841064453  
Spot1.DCSID=1
Spot1.Type=OpenAirSpawn
Spot2.Coordinates=656.14630126953,729.50567626953  
Spot2.DCSID=2
Spot2.Type=OpenAirSpawn
Spot3.Coordinates=686.99957275391,788.45050048828
Spot3.DCSID=3
Spot3.Type=OpenAirSpawn
Spot4.Coordinates=719.86956787109,849.861328125
Spot4.DCSID=4
Spot4.Type=OpenAirSpawn
Spot5.Coordinates=752.67144775391,911.82092285156
Spot5.DCSID=5
Spot5.Type=OpenAirSpawn
Spot6.Coordinates=785.39916992188,973.69891357422
Spot6.DCSID=6
Spot6.Type=OpenAirSpawn
Spot8.Coordinates=877.47869873047,1147.7442626953
Spot8.DCSID=8
Spot8.Type=OpenAirSpawn
Spot9.Coordinates=903.26086425781,1196.6584472656
Spot9.DCSID=9
Spot9.Type=OpenAirSpawn
Spot7.Coordinates=831.55505371094,1061.0874023438
Spot7.DCSID=7
Spot7.Type=OpenAirSpawn
Spot9.Coordinates=930.900017012,1247.478399816
Spot9.DCSID=9
Spot9.Type=OpenAirSpawn
Spot16.Coordinates=987.93542400273,1084.8647277872
Spot16.DCSID=16
Spot16.Type=OpenAirSpawn
Spot15.Coordinates=1009.8322135535,1124.94785767
Spot15.DCSID=15
Spot15.Type=OpenAirSpawn
Spot14.Coordinates=1030.5213546369,1165.5141274541
Spot14.DCSID=14
Spot14.Type=OpenAirSpawn
Spot13.Coordinates=1057.2143856729,1206.6239980319
Spot13.DCSID=13
Spot13.Type=OpenAirSpawn
Spot12.Coordinates=1061.9136081622,1264.258133882
Spot12.DCSID=12
Spot12.Type=OpenAirSpawn
Spot11.Coordinates=1021.7054834836,1303.4621725564
Spot11.DCSID=11
Spot11.Type=OpenAirSpawn
Spot10.Coordinates=964.23857433838,1304.1906727841
Spot10.DCSID=10
Spot10.Type=OpenAirSpawn
