[Airbase]
Theater=Nevada
ATC=250.552/120.800
Coalition=Red
Coordinates=-194683.90625,45031.90625
DCSID=23
Elevation=658
Flags=Military
ILS=-
Name=Marj Ruhayyil
Runways=6-24
TACAN=-

[RunwaySpawns]
Spot1.Coordinates=-194186.3125,44808.3984375
Spot1.DCSID=36
Spot2.Coordinates=-193168,46881.08984375
Spot2.DCSID=35
Spot3.Coordinates=-193756.375,47043.109375
Spot3.DCSID=28
Spot4.Coordinates=-194710.96875,45044.8359375
Spot4.DCSID=0

[Parking]
Spot1.Coordinates=-193676,47342.3828125
Spot1.DCSID=34
Spot1.Type=OpenAirSpawn
Spot2.Coordinates=-193694.75,47301.5703125
Spot2.DCSID=33
Spot2.Type=OpenAirSpawn
Spot3.Coordinates=-193714.84375,47261.64453125
Spot3.DCSID=32
Spot3.Type=OpenAirSpawn
Spot4.Coordinates=-193735.046875,47218.37890625
Spot4.DCSID=31
Spot4.Type=OpenAirSpawn
Spot5.Coordinates=-193754.9375,47177.62109375
Spot5.DCSID=30
Spot5.Type=OpenAirSpawn
Spot6.Coordinates=-193775.9375,47133.46875
Spot6.DCSID=29
Spot6.Type=OpenAirSpawn
Spot7.Coordinates=-192731.890625,47309.109375
Spot7.DCSID=27
Spot7.Type=AirplaneOnly
Spot8.Coordinates=-192748.234375,47334.6484375
Spot8.DCSID=26
Spot8.Type=AirplaneOnly
Spot9.Coordinates=-192876.46875,47011.17578125
Spot9.DCSID=25
Spot9.Type=AirplaneOnly
Spot10.Coordinates=-192887.96875,47039.4296875
Spot10.DCSID=24
Spot10.Type=AirplaneOnly
Spot11.Coordinates=-193221,47472.11328125
Spot11.DCSID=23
Spot11.Type=AirplaneOnly
Spot12.Coordinates=-193307,47385.1640625
Spot12.DCSID=22
Spot12.Type=AirplaneOnly
Spot13.Coordinates=-193352.5,47604.82421875
Spot13.DCSID=21
Spot13.Type=AirplaneOnly
Spot14.Coordinates=-193324.25,47615.7890625
Spot14.DCSID=20
Spot14.Type=AirplaneOnly
Spot15.Coordinates=-193603.140625,47617.0390625
Spot15.DCSID=19
Spot15.Type=AirplaneOnly
Spot16.Coordinates=-193616.859375,47589.71875
Spot16.DCSID=18
Spot16.Type=AirplaneOnly
Spot17.Coordinates=-193710.59375,47741.53515625
Spot17.DCSID=17
Spot17.Type=AirplaneOnly
Spot18.Coordinates=-193736.6875,47613.01171875
Spot18.DCSID=16
Spot18.Type=AirplaneOnly
Spot19.Coordinates=-195804,44903.04296875
Spot19.DCSID=15
Spot19.Type=AirplaneOnly
Spot20.Coordinates=-195829.390625,44794.6328125
Spot20.DCSID=14
Spot20.Type=AirplaneOnly
Spot21.Coordinates=-195966.96875,44616.8984375
Spot21.DCSID=13
Spot21.Type=AirplaneOnly
Spot22.Coordinates=-194908.765625,45020.33203125
Spot22.DCSID=12
Spot22.Type=AirplaneOnly
Spot23.Coordinates=-194976.140625,44895.96875
Spot23.DCSID=11
Spot23.Type=AirplaneOnly
Spot24.Coordinates=-194556.609375,44841.98046875
Spot24.DCSID=10
Spot24.Type=AirplaneOnly
Spot25.Coordinates=-194480.78125,44791.1640625
Spot25.DCSID=9
Spot25.Type=AirplaneOnly
Spot26.Coordinates=-194100.265625,44540.37109375
Spot26.DCSID=8
Spot26.Type=AirplaneOnly
Spot27.Coordinates=-194128.53125,44531.36328125
Spot27.DCSID=7
Spot27.Type=AirplaneOnly
Spot28.Coordinates=-194099.359375,44293.8828125
Spot28.DCSID=6
Spot28.Type=AirplaneOnly
Spot29.Coordinates=-194124.59375,44277.47265625
Spot29.DCSID=5
Spot29.Type=AirplaneOnly
Spot30.Coordinates=-194605.65625,44400.296875
Spot30.DCSID=4
Spot30.Type=AirplaneOnly
Spot31.Coordinates=-194587.84375,44375.6875
Spot31.DCSID=3
Spot31.Type=AirplaneOnly
Spot32.Coordinates=-194282.203125,44230.59375
Spot32.DCSID=2
Spot32.Type=AirplaneOnly
Spot33.Coordinates=-194252.21875,44232.859375
Spot33.DCSID=1
Spot33.Type=AirplaneOnly

