[Airbase]
Theater=Nevada
ATC=250.15/118.05
Coalition=Red
Coordinates=66079.171875,-31812.6796875
DCSID=13
Elevation=8
Flags=NearWater
ILS=-
Name=Qeshm Island
Runways=05-23
TACAN=-

[RunwaySpawns]
Spot1.Coordinates=63499.2734375,-34935.00390625
Spot1.DCSID=1
Spot2.Coordinates=66102.15625,-31831.958984375
Spot2.DCSID=0

[Parking]
Spot1.Coordinates=64773.828125,-33869.1015625
Spot1.DCSID=13
Spot1.type=OpenAirSpawn
Spot2.Coordinates=64689.7890625,-33968.71875
Spot2.DCSID=12
Spot2.type=OpenAirSpawn
Spot3.Coordinates=64731.578125,-33924.45703125
Spot3.DCSID=11
Spot3.type=OpenAirSpawn
Spot4.Coordinates=64761.55859375,-34141.59765625
Spot4.DCSID=10
Spot4.type=OpenAirSpawn
Spot5.Coordinates=64812.84765625,-34082.34765625
Spot5.DCSID=9
Spot5.type=OpenAirSpawn
Spot6.Coordinates=64865.3828125,-34016.39453125
Spot6.DCSID=8
Spot6.type=OpenAirSpawn
Spot7.Coordinates=64922.87109375,-33966.51953125
Spot7.DCSID=7
Spot7.type=OpenAirSpawn
Spot8.Coordinates=64968.7109375,-33909.875
Spot8.DCSID=6
Spot8.type=OpenAirSpawn
Spot9.Coordinates=65014.59375,-33858.51953125
Spot9.DCSID=5
Spot9.type=OpenAirSpawn
Spot10.Coordinates=65058.5234375,-33805.59375
Spot10.DCSID=4
Spot10.type=OpenAirSpawn
Spot11.Coordinates=65102.96484375,-33751.9140625
Spot11.DCSID=3
Spot11.type=OpenAirSpawn
Spot12.Coordinates=65148.21875,-33696.6328125
Spot12.DCSID=2
Spot12.type=OpenAirSpawn

