[Airbase]
Theater=Nevada
ATC=250.850/122.600
Coalition=Red
Coordinates=-174610.671875,37142.67578125
DCSID=29
Elevation=650
Flags=Military
ILS=-
Name=Qabr as Sitt
Runways=5-23
TACAN=-

[RunwaySpawns]
Spot1.Coordinates=-174636.34375,37158.20703125
Spot1.DCSID=1
Spot2.Coordinates=-174559.1875,37285.734375
Spot2.DCSID=0

[Parking]
Spot1.Coordinates=-174636.09375,37033.9609375
Spot1.DCSID=10
Spot1.type=HelicopterOnly
Spot2.Coordinates=-174627.015625,36981.359375
Spot2.DCSID=9
Spot2.type=HelicopterOnly
Spot3.Coordinates=-174553.125,36989.43359375
Spot3.DCSID=8
Spot3.type=HelicopterOnly
Spot4.Coordinates=-174534.34375,37068.04296875
Spot4.DCSID=7
Spot4.type=HelicopterOnly
Spot5.Coordinates=-174493.796875,37202.12109375
Spot5.DCSID=6
Spot5.type=HelicopterOnly
Spot6.Coordinates=-174572.125,37409.44921875
Spot6.DCSID=5
Spot6.type=HelicopterOnly
Spot7.Coordinates=-174711.9375,37236.390625
Spot7.DCSID=4
Spot7.type=HelicopterOnly
Spot8.Coordinates=-174729.96875,37178.1953125
Spot8.DCSID=3
Spot8.type=HelicopterOnly
Spot9.Coordinates=-174752.078125,37094.52734375
Spot9.DCSID=2
Spot9.type=HelicopterOnly

