[Airbase]
Theater=Nevada
ATC=4.400/39.70 119.30/251.30
Coalition=Red
Coordinates=-110016.1796875,49618.33203125
DCSID=34
Elevation=141
Flags=
ILS=-
Name=Barville
Runways=10-28
TACAN=-

[RunwaySpawns]
Spot1.Coordinates=-110259.03125,49640.296875
Spot1.DCSID=18
Spot2.Coordinates=-109382.671875,49059.53515625
Spot2.DCSID=17
Spot3.Coordinates=-109883.25,48561.4453125
Spot3.DCSID=16
Spot4.Coordinates=-109986.3203125,49621.234375
Spot4.DCSID=15

[Parking]
Spot1.Coordinates=-109627.6640625,49682.44921875
Spot1.DCSID=20
Spot1.Type=OpenAirSpawn
Spot2.Coordinates=-109677.578125,49708.35546875
Spot2.DCSID=19
Spot2.Type=OpenAirSpawn
Spot3.Coordinates=-109636.859375,48423.1015625
Spot3.DCSID=14
Spot3.Type=OpenAirSpawn
Spot4.Coordinates=-109768.9453125,48437.78125
Spot4.DCSID=13
Spot4.Type=OpenAirSpawn
Spot5.Coordinates=-109812.6484375,48433.1484375
Spot5.DCSID=12
Spot5.Type=OpenAirSpawn
Spot6.Coordinates=-109790.9296875,48434.83984375
Spot6.DCSID=11
Spot6.Type=OpenAirSpawn
Spot7.Coordinates=-109581.984375,48438.61328125
Spot7.DCSID=10
Spot7.Type=OpenAirSpawn
Spot8.Coordinates=-110505.2890625,49549.78515625
Spot8.DCSID=9
Spot8.Type=OpenAirSpawn
Spot9.Coordinates=-110497.359375,49595.41015625
Spot9.DCSID=8
Spot9.Type=OpenAirSpawn
Spot10.Coordinates=-110485.5859375,49643.37890625
Spot10.DCSID=7
Spot10.Type=OpenAirSpawn
Spot11.Coordinates=-109397.5859375,48480.06640625
Spot11.DCSID=6
Spot11.Type=AirplaneOnly
Spot12.Coordinates=-109354.359375,48494.078125
Spot12.DCSID=5
Spot12.Type=AirplaneOnly
Spot13.Coordinates=-109280.5234375,49426.16015625
Spot13.DCSID=4
Spot13.Type=OpenAirSpawn
Spot14.Coordinates=-109314.2890625,49457.921875
Spot14.DCSID=3
Spot14.Type=OpenAirSpawn
Spot15.Coordinates=-109350.109375,49487.39453125
Spot15.DCSID=2
Spot15.Type=OpenAirSpawn
Spot16.Coordinates=-109469.828125,49587.37890625
Spot16.DCSID=1
Spot16.Type=OpenAirSpawn
Spot17.Coordinates=-109506.859375,49616.75390625
Spot17.DCSID=0
Spot17.Type=OpenAirSpawn

