[Airbase]
Theater=Nevada
ATC=-
Coalition=Blue
Coordinates=-430210.6875,-1022.3584594727
DCSID=6
Elevation=646
Flags=
ILS=-
Name=Boulder City Airport
Runways=15-33
RunwayLengthFt=4612
TACAN=-

[RunwaySpawns]
Spot1.Coordinates=-430018.46875,-383.44528198242
Spot1.DCSID=34
Spot2.Coordinates=-429811.125,-1774.0379638672
Spot2.DCSID=33
Spot3.Coordinates=-429117.75,-1303.9327392578
Spot3.DCSID=1
Spot4.Coordinates=-430202.4375,-993.51629638672
Spot4.DCSID=0

[Parking]
Spot1.Coordinates=-429655.5,-732.88134765625
Spot1.DCSID=40
Spot1.Type=AirplaneOnly
Spot2.Coordinates=-429671,-923.56829833984
Spot2.DCSID=39
Spot2.Type=HelicopterOnly
Spot3.Coordinates=-429549.09375,-1024.9760742188
Spot3.DCSID=38
Spot3.Type=OpenAirSpawn
Spot4.Coordinates=-429549.40625,-1073.4930419922
Spot4.DCSID=37
Spot4.Type=OpenAirSpawn
Spot5.Coordinates=-429644.09375,-990.54827880859
Spot5.DCSID=36
Spot5.Type=OpenAirSpawn
Spot6.Coordinates=-429643.875,-1040.2800292969
Spot6.DCSID=35
Spot6.Type=OpenAirSpawn
Spot7.Coordinates=-429630.34375,-645.73406982422
Spot7.DCSID=32
Spot7.Type=AirplaneOnly
Spot8.Coordinates=-429699.15625,-776.27526855469
Spot8.DCSID=31
Spot8.Type=HelicopterOnly
Spot9.Coordinates=-429704.125,-746.65289306641
Spot9.DCSID=30
Spot9.Type=HelicopterOnly
Spot10.Coordinates=-429709.53125,-716.01586914063
Spot10.DCSID=29
Spot10.Type=HelicopterOnly
Spot11.Coordinates=-429656.84375,-650.40435791016
Spot11.DCSID=28
Spot11.Type=AirplaneOnly
Spot12.Coordinates=-429734.25,-556.65533447266
Spot12.DCSID=27
Spot12.Type=HelicopterOnly
Spot13.Coordinates=-429727.84375,-594.33264160156
Spot13.DCSID=26
Spot13.Type=HelicopterOnly
Spot14.Coordinates=-429722,-629.05236816406
Spot14.DCSID=25
Spot14.Type=HelicopterOnly
Spot15.Coordinates=-429650.65625,-764.11791992188
Spot15.DCSID=24
Spot15.Type=AirplaneOnly
Spot16.Coordinates=-429653.53125,-703.56359863281
Spot16.DCSID=23
Spot16.Type=AirplaneOnly
Spot17.Coordinates=-429682,-886.85943603516
Spot17.DCSID=22
Spot17.Type=HelicopterOnly
Spot18.Coordinates=-429665.625,-956.45343017578
Spot18.DCSID=21
Spot18.Type=HelicopterOnly
Spot19.Coordinates=-429702.65625,-819.10211181641
Spot19.DCSID=20
Spot19.Type=AirplaneOnly
Spot20.Coordinates=-429676.75,-816.31884765625
Spot20.DCSID=19
Spot20.Type=HelicopterOnly
Spot21.Coordinates=-429631.8125,-835.08251953125
Spot21.DCSID=18
Spot21.Type=OpenAirSpawn
Spot22.Coordinates=-429726.21875,-518.19439697266
Spot22.DCSID=17
Spot22.Type=AirplaneOnly
Spot23.Coordinates=-429751.90625,-433.58285522461
Spot23.DCSID=16
Spot23.Type=OpenAirSpawn
Spot24.Coordinates=-429757.5625,-387.72048950195
Spot24.DCSID=15
Spot24.Type=OpenAirSpawn
Spot25.Coordinates=-429734.90625,-453.82467651367
Spot25.DCSID=14
Spot25.Type=OpenAirSpawn
Spot26.Coordinates=-429741.6875,-409.41787719727
Spot26.DCSID=13
Spot26.Type=OpenAirSpawn
Spot27.Coordinates=-429753.4375,-360.10110473633
Spot27.DCSID=12
Spot27.Type=OpenAirSpawn
Spot28.Coordinates=-429565.34375,-514.28686523438
Spot28.DCSID=11
Spot28.Type=AirplaneOnly
Spot29.Coordinates=-429568.65625,-493.09997558594
Spot29.DCSID=10
Spot29.Type=AirplaneOnly
Spot30.Coordinates=-429571.875,-472.59674072266
Spot30.DCSID=9
Spot30.Type=AirplaneOnly
Spot31.Coordinates=-429575.03125,-451.87316894531
Spot31.DCSID=8
Spot31.Type=AirplaneOnly
Spot32.Coordinates=-429578.0625,-431.21661376953
Spot32.DCSID=7
Spot32.Type=AirplaneOnly
Spot33.Coordinates=-429581.6875,-410.40881347656
Spot33.DCSID=6
Spot33.Type=AirplaneOnly
Spot34.Coordinates=-429584.78125,-389.08340454102
Spot34.DCSID=5
Spot34.Type=AirplaneOnly
Spot35.Coordinates=-429587.875,-367.20352172852
Spot35.DCSID=4
Spot35.Type=AirplaneOnly
Spot36.Coordinates=-429641.46875,-521.85437011719
Spot36.DCSID=3
Spot36.Type=OpenAirSpawn
Spot37.Coordinates=-429671,-475.66937255859
Spot37.DCSID=2
Spot37.Type=OpenAirSpawn

