[Airbase]
Theater=Nevada
ATC=-
Coalition=Blue
Coordinates=-515859.90625,28242.046875
DCSID=10
Elevation=200
Flags=
ILS=-
Name=Laughlin Airport
Runways=16-34
RunwayLengthFt=7139
TACAN=

[RunwaySpawns]
Spot1.Coordinates=-515862.5,28212.16015625
Spot1.DCSID=1
Spot2.Coordinates=-518030.34375,28400.458984375
Spot2.DCSID=0

[Parking]
Spot1.Coordinates=-516701.28125,28608.578125
Spot1.DCSID=17
Spot1.Type=HelicopterOnly
Spot2.Coordinates=-516413.78125,28461.2890625
Spot2.DCSID=16
Spot2.Type=OpenAirSpawn
Spot3.Coordinates=-516032.9375,28569.548828125
Spot3.DCSID=15
Spot3.Type=OpenAirSpawn
Spot4.Coordinates=-515958.03125,28557.603515625
Spot4.DCSID=14
Spot4.Type=OpenAirSpawn
Spot5.Coordinates=-516674.90625,28606.09375
Spot5.DCSID=13
Spot5.Type=HelicopterOnly
Spot6.Coordinates=-516647.1875,28603.6953125
Spot6.DCSID=12
Spot6.Type=HelicopterOnly
Spot7.Coordinates=-516616.71875,28600.787109375
Spot7.DCSID=11
Spot7.Type=HelicopterOnly
Spot8.Coordinates=-516770.625,28607.046875
Spot8.DCSID=10
Spot8.Type=OpenAirSpawn
Spot9.Coordinates=-516916.59375,28621.19921875
Spot9.DCSID=9
Spot9.Type=OpenAirSpawn
Spot10.Coordinates=-516881.03125,28616.73046875
Spot10.DCSID=8
Spot10.Type=OpenAirSpawn
Spot11.Coordinates=-516843.625,28614.28125
Spot11.DCSID=7
Spot11.Type=OpenAirSpawn
Spot12.Coordinates=-516807.34375,28610.177734375
Spot12.DCSID=6
Spot12.Type=OpenAirSpawn
Spot13.Coordinates=-516557.25,28590.7109375
Spot13.DCSID=5
Spot13.Type=OpenAirSpawn
Spot14.Coordinates=-516520.3125,28587.455078125
Spot14.DCSID=4
Spot14.Type=OpenAirSpawn
Spot15.Coordinates=-516483.625,28584.234375
Spot15.DCSID=3
Spot15.Type=OpenAirSpawn
Spot16.Coordinates=-516446.90625,28580.93359375
Spot16.DCSID=2
Spot16.Type=OpenAirSpawn

