[Airbase]
Theater=Nevada
ATC=4.125/39.15 118.75/250.75
Coalition=Red
Coordinates=-21383.123046875,-26792.662109375
DCSID=24
Elevation=56
Flags=
ILS=-
Name=Sommervieu
Runways=09-27
TACAN=-

[RunwaySpawns]
Spot1.Coordinates=-21330.46875,-25622.814453125
Spot1.DCSID=25
Spot2.Coordinates=-21413.048828125,-26790.544921875
Spot2.DCSID=24

[Parking]
Spot1.Coordinates=-21268.29296875,-26898.4296875
Spot1.DCSID=23
Spot1.type=OpenAirSpawn
Spot2.Coordinates=-21330.662109375,-26850.51171875
Spot2.DCSID=22
Spot2.type=OpenAirSpawn
Spot3.Coordinates=-21293.14453125,-26886.78515625
Spot3.DCSID=21
Spot3.type=OpenAirSpawn
Spot4.Coordinates=-21560.177734375,-26897.7421875
Spot4.DCSID=20
Spot4.type=OpenAirSpawn
Spot5.Coordinates=-21546.328125,-26885.369140625
Spot5.DCSID=19
Spot5.type=OpenAirSpawn
Spot6.Coordinates=-21573.826171875,-26910.24609375
Spot6.DCSID=18
Spot6.type=OpenAirSpawn
Spot7.Coordinates=-21464.1328125,-25488.689453125
Spot7.DCSID=17
Spot7.type=OpenAirSpawn
Spot8.Coordinates=-21407.296875,-25538.701171875
Spot8.DCSID=16
Spot8.type=OpenAirSpawn
Spot9.Coordinates=-21476.947265625,-25475.115234375
Spot9.DCSID=15
Spot9.type=OpenAirSpawn
Spot10.Coordinates=-21177.056640625,-25501.234375
Spot10.DCSID=14
Spot10.type=OpenAirSpawn
Spot11.Coordinates=-21191.595703125,-25512.58984375
Spot11.DCSID=13
Spot11.type=OpenAirSpawn
Spot12.Coordinates=-21206.08203125,-25524.125
Spot12.DCSID=12
Spot12.type=OpenAirSpawn
Spot13.Coordinates=-21220.759765625,-25535.435546875
Spot13.DCSID=11
Spot13.type=OpenAirSpawn
Spot14.Coordinates=-21212.037109375,-26671.822265625
Spot14.DCSID=10
Spot14.type=AirplaneOnly
Spot15.Coordinates=-21207.599609375,-26617.955078125
Spot15.DCSID=9
Spot15.type=AirplaneOnly
Spot16.Coordinates=-21203.11328125,-26565.4375
Spot16.DCSID=8
Spot16.type=AirplaneOnly
Spot17.Coordinates=-21191.4453125,-26430.79296875
Spot17.DCSID=7
Spot17.type=AirplaneOnly
Spot18.Coordinates=-21189.107421875,-26383.232421875
Spot18.DCSID=6
Spot18.type=AirplaneOnly
Spot19.Coordinates=-21491.11328125,-25573.759765625
Spot19.DCSID=5
Spot19.type=AirplaneOnly
Spot20.Coordinates=-21499,-25717.818359375
Spot20.DCSID=4
Spot20.type=AirplaneOnly
Spot21.Coordinates=-21497.822265625,-25668.73828125
Spot21.DCSID=3
Spot21.type=AirplaneOnly
Spot22.Coordinates=-21249.21484375,-26889.314453125
Spot22.DCSID=2
Spot22.type=OpenAirSpawn
Spot23.Coordinates=-21186.708984375,-26337.33203125
Spot23.DCSID=1
Spot23.type=AirplaneOnly
Spot24.Coordinates=-21503.513671875,-25766.630859375
Spot24.DCSID=0
Spot24.type=AirplaneOnly

