[Airbase]
Theater=Nevada
ATC=250.750/119.100
Coalition=Red
Coordinates=125776.703125,121870.953125
DCSID=27
Elevation=382
Flags=Military
ILS=-
Name=Aleppo
Runways=2-27
TACAN=-

[RunwaySpawns]
Spot1.Coordinates=125406.75,124383.671875
Spot1.DCSID=5
Spot2.Coordinates=125746.9765625,121866.9375
Spot2.DCSID=3

[Parking]
Spot1.Coordinates=125409.2890625,122841.6875
Spot1.DCSID=23
Spot1.Type=HelicopterOnly
Spot2.Coordinates=125416.109375,122793.140625
Spot2.DCSID=22
Spot2.Type=HelicopterOnly
Spot3.Coordinates=125422.765625,122744.5625
Spot3.DCSID=21
Spot3.Type=HelicopterOnly
Spot4.Coordinates=125305.0703125,122828.0234375
Spot4.DCSID=20
Spot4.Type=HelicopterOnly
Spot5.Coordinates=125311.09375,122779.3359375
Spot5.DCSID=19
Spot5.Type=HelicopterOnly
Spot6.Coordinates=125318.1875,122730.7421875
Spot6.DCSID=18
Spot6.Type=HelicopterOnly
Spot7.Coordinates=125211.1640625,124628.28125
Spot7.DCSID=17
Spot7.Type=AirplaneOnly
Spot8.Coordinates=125219.8203125,124455.78125
Spot8.DCSID=16
Spot8.Type=AirplaneOnly
Spot9.Coordinates=125960.640625,123249.3671875
Spot9.DCSID=15
Spot9.Type=OpenAirSpawn
Spot10.Coordinates=125924.7734375,123291.3828125
Spot10.DCSID=14
Spot10.Type=OpenAirSpawn
Spot11.Coordinates=125908.5859375,123454.203125
Spot11.DCSID=13
Spot11.Type=OpenAirSpawn
Spot12.Coordinates=125913.09375,123507.28125
Spot12.DCSID=12
Spot12.Type=OpenAirSpawn
Spot13.Coordinates=125833.09375,123609.1484375
Spot13.DCSID=11
Spot13.Type=OpenAirSpawn
Spot14.Coordinates=125902.96875,123620.9296875
Spot14.DCSID=10
Spot14.Type=OpenAirSpawn
Spot15.Coordinates=125904.6328125,123406.4609375
Spot15.DCSID=9
Spot15.Type=OpenAirSpawn
Spot16.Coordinates=125937.7890625,123365.9921875
Spot16.DCSID=8
Spot16.Type=OpenAirSpawn
Spot17.Coordinates=125324.71875,122681.640625
Spot17.DCSID=7
Spot17.Type=HelicopterOnly
Spot18.Coordinates=125429.6640625,122696.0234375
Spot18.DCSID=6
Spot18.Type=HelicopterOnly
Spot19.Coordinates=125223.34375,124425.1640625
Spot19.DCSID=4
Spot19.Type=AirplaneOnly
Spot20.Coordinates=125252.3125,124267.0703125
Spot20.DCSID=2
Spot20.Type=AirplaneOnly
Spot21.Coordinates=125262.703125,124155
Spot21.DCSID=1
Spot21.Type=AirplaneOnly
Spot22.Coordinates=125126.828125,124845.09375
Spot22.DCSID=0
Spot22.Type=AirplaneOnly

