[Airbase]
Theater=Nevada
ATC=-
Coalition=Blue
Coordinates=-449876.78125,-42659.71875
DCSID=9
Elevation=860
Flags=
ILS=-
Name=Jean Airport
Runways=02-20
RunwayLengthFt=4053
TACAN=-

[RunwaySpawns]
Spot1.Coordinates=-449861.5,-42685.52734375
Spot1.DCSID=3
Spot2.Coordinates=-450073.09375,-42704.07421875
Spot2.DCSID=2
Spot3.Coordinates=-450974.09375,-43238.265625
Spot3.DCSID=1
Spot4.Coordinates=-450924.21875,-43315.39453125
Spot4.DCSID=0

[Parking]
Spot1.Coordinates=-450039.75,-42953.65625
Spot1.DCSID=7
Spot1.Type=OpenAirSpawn
Spot2.Coordinates=-450062.40625,-42967.71875
Spot2.DCSID=6
Spot2.Type=OpenAirSpawn
Spot3.Coordinates=-450083.875,-42980.6875
Spot3.DCSID=5
Spot3.Type=OpenAirSpawn
Spot4.Coordinates=-450104.78125,-42994.28515625
Spot4.DCSID=4
Spot4.Type=OpenAirSpawn

