[Airbase]
Theater=Nevada
ATC=251.150/118.500
Coalition=Red
Coordinates=77069.8359375,242231.765625
DCSID=37
Elevation=330
Flags=Military
ILS=-
Name=Tabqa
Runways=9-27
TACAN=-

[RunwaySpawns]
Spot1.Coordinates=76889.4921875,244980.3125
Spot1.DCSID=21
Spot2.Coordinates=77039.8828125,242230.125
Spot2.DCSID=19

[Parking]
Spot1.Coordinates=77161.1328125,245007.25
Spot1.DCSID=30
Spot1.type=OpenAirSpawn
Spot2.Coordinates=77162.46875,244980.015625
Spot2.DCSID=29
Spot2.type=OpenAirSpawn
Spot3.Coordinates=77163.546875,244951.046875
Spot3.DCSID=28
Spot3.type=OpenAirSpawn
Spot4.Coordinates=77165.5859375,244920.59375
Spot4.DCSID=27
Spot4.type=OpenAirSpawn
Spot5.Coordinates=77167.7265625,244890.484375
Spot5.DCSID=26
Spot5.type=OpenAirSpawn
Spot6.Coordinates=77169.578125,244860.671875
Spot6.DCSID=25
Spot6.type=OpenAirSpawn
Spot7.Coordinates=77400.1640625,242313.09375
Spot7.DCSID=24
Spot7.type=OpenAirSpawn
Spot8.Coordinates=77402.2109375,242277.921875
Spot8.DCSID=23
Spot8.type=OpenAirSpawn
Spot9.Coordinates=77428.3984375,244914.796875
Spot9.DCSID=22
Spot9.type=AirplaneOnly
Spot10.Coordinates=77404.4140625,242244.046875
Spot10.DCSID=20
Spot10.type=OpenAirSpawn
Spot11.Coordinates=77406.09375,242210.265625
Spot11.DCSID=18
Spot11.type=OpenAirSpawn
Spot12.Coordinates=77407.8046875,242174.21875
Spot12.DCSID=17
Spot12.type=OpenAirSpawn
Spot13.Coordinates=76707.078125,245232.828125
Spot13.DCSID=16
Spot13.type=AirplaneOnly
Spot14.Coordinates=76687.8125,245209.546875
Spot14.DCSID=15
Spot14.type=AirplaneOnly
Spot15.Coordinates=77370.390625,241932.171875
Spot15.DCSID=14
Spot15.type=AirplaneOnly
Spot16.Coordinates=77285.9296875,245521.359375
Spot16.DCSID=13
Spot16.type=AirplaneOnly
Spot17.Coordinates=77385.1875,241958.71875
Spot17.DCSID=12
Spot17.type=AirplaneOnly
Spot18.Coordinates=77408.875,245447.734375
Spot18.DCSID=11
Spot18.type=AirplaneOnly
Spot19.Coordinates=77463.59375,242046.578125
Spot19.DCSID=10
Spot19.type=AirplaneOnly
Spot20.Coordinates=77607.1328125,242237.953125
Spot20.DCSID=9
Spot20.type=AirplaneOnly
Spot21.Coordinates=77350,245283.40625
Spot21.DCSID=8
Spot21.type=AirplaneOnly
Spot22.Coordinates=77352.125,242625.46875
Spot22.DCSID=7
Spot22.type=AirplaneOnly
Spot23.Coordinates=77196.5703125,245305.875
Spot23.DCSID=6
Spot23.type=AirplaneOnly
Spot24.Coordinates=77351.390625,242655.375
Spot24.DCSID=5
Spot24.type=AirplaneOnly
Spot25.Coordinates=77246.4921875,245120.5
Spot25.DCSID=4
Spot25.type=AirplaneOnly
Spot26.Coordinates=77246.140625,245090.09375
Spot26.DCSID=3
Spot26.type=AirplaneOnly
Spot27.Coordinates=77244.84375,244727.25
Spot27.DCSID=2
Spot27.type=AirplaneOnly
Spot28.Coordinates=77359.6171875,245047.609375
Spot28.DCSID=1
Spot28.type=AirplaneOnly
Spot29.Coordinates=77222.4296875,244747.015625
Spot29.DCSID=0
Spot29.type=AirplaneOnly

