[Airbase]
Theater=Nevada
ATC=251.20/123.15
Coalition=Red
Coordinates=109479.28125,-5180.5727539063
DCSID=9
Elevation=15
Flags=NearWater
ILS=RWY 08/108.90/079˚
Name=Havadarya
Runways=08-26
TACAN=47X

[RunwaySpawns]
Spot1.Coordinates=109508.734375,-5186.259765625
Spot1.DCSID=1
Spot2.Coordinates=109086.9140625,-7371.1865234375
Spot2.DCSID=0

[Parking]
Spot1.Coordinates=109177.734375,-5649.7006835938
Spot1.DCSID=23
Spot1.Type=OpenAirSpawn
Spot2.Coordinates=109215.3671875,-5657.0385742188
Spot2.DCSID=22
Spot2.Type=OpenAirSpawn
Spot3.Coordinates=109153.9140625,-5772.7641601563
Spot3.DCSID=21
Spot3.Type=OpenAirSpawn
Spot4.Coordinates=109191.375,-5780.2827148438
Spot4.DCSID=20
Spot4.Type=OpenAirSpawn
Spot5.Coordinates=109171.203125,-5683.9223632813
Spot5.DCSID=19
Spot5.Type=OpenAirSpawn
Spot6.Coordinates=109208.40625,-5691.572265625
Spot6.DCSID=18
Spot6.Type=OpenAirSpawn
Spot7.Coordinates=109147.421875,-5806.8813476563
Spot7.DCSID=17
Spot7.Type=OpenAirSpawn
Spot8.Coordinates=109184.8671875,-5813.2958984375
Spot8.DCSID=16
Spot8.Type=OpenAirSpawn
Spot9.Coordinates=109344.4609375,-6815.3618164063
Spot9.DCSID=15
Spot9.Type=OpenAirSpawn
Spot10.Coordinates=109228.7421875,-7366.6264648438
Spot10.DCSID=14
Spot10.Type=AirplaneOnly
Spot11.Coordinates=109234.546875,-7339.501953125
Spot11.DCSID=13
Spot11.Type=AirplaneOnly
Spot12.Coordinates=109239.9765625,-7311.9287109375
Spot12.DCSID=12
Spot12.Type=AirplaneOnly
Spot13.Coordinates=109245.078125,-7286.328125
Spot13.DCSID=11
Spot13.Type=AirplaneOnly
Spot14.Coordinates=109248.265625,-7192.9736328125
Spot14.DCSID=10
Spot14.Type=AirplaneOnly
Spot15.Coordinates=109272.6796875,-7198.9067382813
Spot15.DCSID=9
Spot15.Type=AirplaneOnly
Spot16.Coordinates=109299.640625,-7204.5029296875
Spot16.DCSID=8
Spot16.Type=AirplaneOnly
Spot17.Coordinates=109324.28125,-7210.3315429688
Spot17.DCSID=7
Spot17.Type=AirplaneOnly
Spot18.Coordinates=109348.5,-7215.0791015625
Spot18.DCSID=6
Spot18.Type=AirplaneOnly
Spot19.Coordinates=109372.765625,-7220.5078125
Spot19.DCSID=5
Spot19.Type=AirplaneOnly
Spot20.Coordinates=109391.328125,-6827.91796875
Spot20.DCSID=4
Spot20.Type=OpenAirSpawn
Spot21.Coordinates=109384.078125,-6866.2299804688
Spot21.DCSID=3
Spot21.Type=OpenAirSpawn
Spot22.Coordinates=109336.5078125,-6856.7319335938
Spot22.DCSID=2
Spot22.Type=OpenAirSpawn

