[Airbase]
Theater=Nevada
ATC=127.800
Coalition=Blue
Coordinates=-242139.015625,-87825.2890625
DCSID=13
Elevation=6
Flags=NearWater
ILS=-
Name=Haifa
Runways=16-34
TACAN=-

[RunwaySpawns]
Spot1.Coordinates=-243093.5625,-87554.9453125
Spot1.DCSID=9
Spot2.Coordinates=-242148.0625,-87853.890625
Spot2.DCSID=8

[Parking]
Spot1.Coordinates=-242279.71875,-87902.2734375
Spot1.DCSID=17
Spot1.Type=OpenAirSpawn
Spot2.Coordinates=-242328.328125,-87283.9453125
Spot2.DCSID=16
Spot2.Type=OpenAirSpawn
Spot3.Coordinates=-242347.6875,-87345.6171875
Spot3.DCSID=15
Spot3.Type=OpenAirSpawn
Spot4.Coordinates=-242365.078125,-87399.3359375
Spot4.DCSID=14
Spot4.Type=OpenAirSpawn
Spot5.Coordinates=-242382.671875,-87455.6640625
Spot5.DCSID=13
Spot5.Type=OpenAirSpawn
Spot6.Coordinates=-242402,-87516.6171875
Spot6.DCSID=12
Spot6.Type=OpenAirSpawn
Spot7.Coordinates=-242421,-87576.8671875
Spot7.DCSID=11
Spot7.Type=OpenAirSpawn
Spot8.Coordinates=-242438.15625,-87631.1484375
Spot8.DCSID=10
Spot8.Type=OpenAirSpawn
Spot9.Coordinates=-242520.921875,-87929.8671875
Spot9.DCSID=7
Spot9.Type=OpenAirSpawn
Spot10.Coordinates=-242533.3125,-87969.4375
Spot10.DCSID=6
Spot10.Type=OpenAirSpawn
Spot11.Coordinates=-242545.734375,-88004.9375
Spot11.DCSID=5
Spot11.Type=OpenAirSpawn
Spot12.Coordinates=-242570.578125,-88062.0546875
Spot12.DCSID=4
Spot12.Type=OpenAirSpawn
Spot13.Coordinates=-242326.328125,-87887.8515625
Spot13.DCSID=3
Spot13.Type=OpenAirSpawn
Spot14.Coordinates=-242303.03125,-87894.4765625
Spot14.DCSID=2
Spot14.Type=OpenAirSpawn
Spot15.Coordinates=-242256.453125,-87909.9140625
Spot15.DCSID=1
Spot15.Type=OpenAirSpawn
Spot16.Coordinates=-242230.96875,-87918.0234375
Spot16.DCSID=0
Spot16.Type=OpenAirSpawn

