[Airbase]
Theater=Nevada
ATC=251.250/119.200
Coalition=Red
Coordinates=-52203.73046875,61287.859375
DCSID=3
Elevation=527
Flags=Military
ILS=-
Name=Al Qusayr
Runways=28-10
TACAN=-

[RunwaySpawns]
Spot1.Coordinates=-51639.56640625,58732.41796875
Spot1.DCSID=1
Spot2.Coordinates=-52174.36328125,61293.9921875
Spot2.DCSID=0

[Parking]
Spot1.Coordinates=-52597.859375,61015.2109375
Spot1.DCSID=35
Spot1.Type=OpenAirSpawn
Spot2.Coordinates=-52619.29296875,60995.71484375
Spot2.DCSID=34
Spot2.Type=OpenAirSpawn
Spot3.Coordinates=-52576.43359375,61034.078125
Spot3.DCSID=33
Spot3.Type=OpenAirSpawn
Spot4.Coordinates=-52531.56640625,61073.28125
Spot4.DCSID=32
Spot4.Type=OpenAirSpawn
Spot5.Coordinates=-52553.6171875,61054.27734375
Spot5.DCSID=31
Spot5.Type=OpenAirSpawn
Spot6.Coordinates=-52644.203125,60973.25
Spot6.DCSID=30
Spot6.Type=OpenAirSpawn
Spot7.Coordinates=-52700.69140625,60924.24609375
Spot7.DCSID=29
Spot7.Type=OpenAirSpawn
Spot8.Coordinates=-52663.64453125,60956.81640625
Spot8.DCSID=28
Spot8.Type=OpenAirSpawn
Spot9.Coordinates=-51407.0625,59198.75
Spot9.DCSID=27
Spot9.Type=AirplaneOnly
Spot10.Coordinates=-51364.1015625,58951.3671875
Spot10.DCSID=26
Spot10.Type=AirplaneOnly
Spot11.Coordinates=-51317.875,58704.515625
Spot11.DCSID=25
Spot11.Type=AirplaneOnly
Spot12.Coordinates=-51870.59765625,60628.65234375
Spot12.DCSID=24
Spot12.Type=AirplaneOnly
Spot13.Coordinates=-51936.0390625,61043.2421875
Spot13.DCSID=23
Spot13.Type=AirplaneOnly
Spot14.Coordinates=-51782.390625,60877.16015625
Spot14.DCSID=22
Spot14.Type=AirplaneOnly
Spot15.Coordinates=-51989.81640625,61405.69140625
Spot15.DCSID=21
Spot15.Type=OpenAirSpawn
Spot16.Coordinates=-51812.81640625,61198.140625
Spot16.DCSID=20
Spot16.Type=OpenAirSpawn
Spot17.Coordinates=-51863.296875,61428.0859375
Spot17.DCSID=19
Spot17.Type=OpenAirSpawn
Spot18.Coordinates=-52069.45703125,61451.28125
Spot18.DCSID=18
Spot18.Type=OpenAirSpawn
Spot19.Coordinates=-52075.3125,61479.44140625
Spot19.DCSID=17
Spot19.Type=OpenAirSpawn
Spot20.Coordinates=-52093.78125,61567.65625
Spot20.DCSID=16
Spot20.Type=OpenAirSpawn
Spot21.Coordinates=-52087.23046875,61538.1484375
Spot21.DCSID=15
Spot21.Type=OpenAirSpawn
Spot22.Coordinates=-52081.63671875,61509.1015625
Spot22.DCSID=14
Spot22.Type=OpenAirSpawn
Spot23.Coordinates=-52867.08984375,60932.19921875
Spot23.DCSID=13
Spot23.Type=AirplaneOnly
Spot24.Coordinates=-52790.546875,61230.703125
Spot24.DCSID=12
Spot24.Type=AirplaneOnly
Spot25.Coordinates=-52605.703125,61212.45703125
Spot25.DCSID=11
Spot25.Type=OpenAirSpawn
Spot26.Coordinates=-52501.90234375,60966.1015625
Spot26.DCSID=10
Spot26.Type=AirplaneOnly
Spot27.Coordinates=-52640.1328125,60846.4296875
Spot27.DCSID=9
Spot27.Type=OpenAirSpawn
Spot28.Coordinates=-52766.8828125,60728.390625
Spot28.DCSID=8
Spot28.Type=AirplaneOnly
Spot29.Coordinates=-52038.29296875,61746.96484375
Spot29.DCSID=7
Spot29.Type=AirplaneOnly
Spot30.Coordinates=-51972.328125,61593.85546875
Spot30.DCSID=6
Spot30.Type=AirplaneOnly
Spot31.Coordinates=-51948.35546875,61612.2578125
Spot31.DCSID=5
Spot31.Type=AirplaneOnly
Spot32.Coordinates=-52500.484375,61317.16796875
Spot32.DCSID=4
Spot32.Type=OpenAirSpawn
Spot33.Coordinates=-52566.94921875,61464.7890625
Spot33.DCSID=3
Spot33.Type=OpenAirSpawn
Spot34.Coordinates=-52056.5390625,61770.86328125
Spot34.DCSID=2
Spot34.Type=AirplaneOnly

