[Airbase]
Theater=Normandy
ATC=4.450/39.80 119.40/251.40
Coalition=Red
Coordinates=-108411.953125,41138.3046875
DCSID=36
Elevation=145
Flags=
ILS=-
Name=Hauterive
Runways=14-32
RunwayLengthFt=3283
TACAN=-

[RunwaySpawns]
Spot1.Coordinates=-107601.5625,40550.03125
Spot1.DCSID=1
Spot2.Coordinates=-108393.609375,41162.04296875
Spot2.DCSID=0

[Parking]
Spot1.Coordinates=-108294.203125,41156.8046875
Spot1.DCSID=33
Spot1.type=OpenAirSpawn
Spot2.Coordinates=-108315.359375,41174.078125
Spot2.DCSID=32
Spot2.type=OpenAirSpawn
Spot3.Coordinates=-108336.515625,41191.87109375
Spot3.DCSID=31
Spot3.type=OpenAirSpawn
Spot4.Coordinates=-108358.375,41209.8125
Spot4.DCSID=30
Spot4.type=OpenAirSpawn
Spot5.Coordinates=-108337.5078125,41238.4765625
Spot5.DCSID=29
Spot5.type=OpenAirSpawn
Spot6.Coordinates=-108316.296875,41221.29296875
Spot6.DCSID=28
Spot6.type=OpenAirSpawn
Spot7.Coordinates=-108295.1015625,41203.57421875
Spot7.DCSID=27
Spot7.type=OpenAirSpawn
Spot8.Coordinates=-107755.546875,40845.08984375
Spot8.DCSID=26
Spot8.type=AirplaneOnly
Spot9.Coordinates=-107793.234375,40878.859375
Spot9.DCSID=25
Spot9.type=AirplaneOnly
Spot10.Coordinates=-107831.0078125,40913.6640625
Spot10.DCSID=24
Spot10.type=AirplaneOnly
Spot11.Coordinates=-107867.0625,40949.45703125
Spot11.DCSID=23
Spot11.type=AirplaneOnly
Spot12.Coordinates=-108109.5,41168.26953125
Spot12.DCSID=22
Spot12.type=AirplaneOnly
Spot13.Coordinates=-108147.3984375,41203.16015625
Spot13.DCSID=21
Spot13.type=AirplaneOnly
Spot14.Coordinates=-107582.875,40685.93359375
Spot14.DCSID=20
Spot14.type=OpenAirSpawn
Spot15.Coordinates=-107597.8671875,40697.36328125
Spot15.DCSID=19
Spot15.type=OpenAirSpawn
Spot16.Coordinates=-107612.609375,40708.5390625
Spot16.DCSID=18
Spot16.type=OpenAirSpawn
Spot17.Coordinates=-107627.0859375,40719.8359375
Spot17.DCSID=17
Spot17.type=OpenAirSpawn
Spot18.Coordinates=-107641.96875,40731.0625
Spot18.DCSID=16
Spot18.type=OpenAirSpawn
Spot19.Coordinates=-107656.2109375,40742.90625
Spot19.DCSID=15
Spot19.type=OpenAirSpawn
Spot20.Coordinates=-107670.7890625,40754.109375
Spot20.DCSID=14
Spot20.type=OpenAirSpawn
Spot21.Coordinates=-107685.5234375,40765.296875
Spot21.DCSID=13
Spot21.type=OpenAirSpawn
Spot22.Coordinates=-107699.9921875,40776.58984375
Spot22.DCSID=12
Spot22.type=OpenAirSpawn
Spot23.Coordinates=-107714.9609375,40787.78515625
Spot23.DCSID=11
Spot23.type=OpenAirSpawn
Spot24.Coordinates=-107729.4921875,40798.89453125
Spot24.DCSID=10
Spot24.type=OpenAirSpawn
Spot25.Coordinates=-107713.046875,40545.26171875
Spot25.DCSID=9
Spot25.type=OpenAirSpawn
Spot26.Coordinates=-108273.1640625,41185.73046875
Spot26.DCSID=8
Spot26.type=OpenAirSpawn
Spot27.Coordinates=-107699.4453125,40532.6875
Spot27.DCSID=7
Spot27.type=OpenAirSpawn
Spot28.Coordinates=-107684.9609375,40521.13671875
Spot28.DCSID=6
Spot28.type=OpenAirSpawn
Spot29.Coordinates=-107670.328125,40509.81640625
Spot29.DCSID=5
Spot29.type=OpenAirSpawn
Spot30.Coordinates=-107655.921875,40498.40625
Spot30.DCSID=4
Spot30.type=OpenAirSpawn
Spot31.Coordinates=-107641.0703125,40487.0859375
Spot31.DCSID=3
Spot31.type=OpenAirSpawn
Spot32.Coordinates=-107626.625,40475.87109375
Spot32.DCSID=2
Spot32.type=OpenAirSpawn

