[Airbase]
Theater=Normandy
ATC=3.750/38.40 118.00/250.00
Coalition=Red
Coordinates=-7274.3544921875,-84827.8359375
DCSID=10
Elevation=32
Flags=
ILS=-
Name=Biniville
Runways=14-32
TACAN=-

[RunwaySpawns]
Spot1.Coordinates=-8061.5092773438,-84208.8203125
Spot1.DCSID=1
Spot2.Coordinates=-7293.5971679688,-84850.8515625
Spot2.DCSID=0

[Parking]
Spot1.Coordinates=-7392.73046875,-84841.78125
Spot1.DCSID=33
Spot1.type=OpenAirSpawn
Spot2.Coordinates=-7372.2724609375,-84859.859375
Spot2.DCSID=32
Spot2.type=OpenAirSpawn
Spot3.Coordinates=-7351.8154296875,-84878.453125
Spot3.DCSID=31
Spot3.type=OpenAirSpawn
Spot4.Coordinates=-7330.65625,-84897.21875
Spot4.DCSID=30
Spot4.type=OpenAirSpawn
Spot5.Coordinates=-7352.5859375,-84925.078125
Spot5.DCSID=29
Spot5.type=OpenAirSpawn
Spot6.Coordinates=-7373.1157226563,-84907.078125
Spot6.DCSID=28
Spot6.type=OpenAirSpawn
Spot7.Coordinates=-7393.63671875,-84888.5546875
Spot7.DCSID=27
Spot7.type=OpenAirSpawn
Spot8.Coordinates=-7918.98828125,-84509.578125
Spot8.DCSID=26
Spot8.type=AirplaneOnly
Spot9.Coordinates=-7882.6318359375,-84544.765625
Spot9.DCSID=25
Spot9.type=AirplaneOnly
Spot10.Coordinates=-7846.2333984375,-84581.015625
Spot10.DCSID=24
Spot10.type=AirplaneOnly
Spot11.Coordinates=-7811.5815429688,-84618.15625
Spot11.DCSID=23
Spot11.type=AirplaneOnly
Spot12.Coordinates=-7577.7485351563,-84846.140625
Spot12.DCSID=22
Spot12.type=AirplaneOnly
Spot13.Coordinates=-7541.2006835938,-84882.4609375
Spot13.DCSID=21
Spot13.type=AirplaneOnly
Spot14.Coordinates=-8085.4135742188,-84343.890625
Spot14.DCSID=20
Spot14.type=OpenAirSpawn
Spot15.Coordinates=-8070.8725585938,-84355.8984375
Spot15.DCSID=19
Spot15.type=OpenAirSpawn
Spot16.Coordinates=-8056.5776367188,-84367.6328125
Spot16.DCSID=18
Spot16.type=OpenAirSpawn
Spot17.Coordinates=-8042.5458984375,-84379.4765625
Spot17.DCSID=17
Spot17.type=OpenAirSpawn
Spot18.Coordinates=-8028.1040039063,-84391.265625
Spot18.DCSID=16
Spot18.type=OpenAirSpawn
Spot19.Coordinates=-8014.328125,-84403.6484375
Spot19.DCSID=15
Spot19.type=OpenAirSpawn
Spot20.Coordinates=-8000.1918945313,-84415.3984375
Spot20.DCSID=14
Spot20.type=OpenAirSpawn
Spot21.Coordinates=-7985.90234375,-84427.1484375
Spot21.DCSID=13
Spot21.type=OpenAirSpawn
Spot22.Coordinates=-7971.8725585938,-84439
Spot22.DCSID=12
Spot22.type=OpenAirSpawn
Spot23.Coordinates=-7957.3520507813,-84450.75
Spot23.DCSID=11
Spot23.type=OpenAirSpawn
Spot24.Coordinates=-7943.2578125,-84462.4140625
Spot24.DCSID=10
Spot24.type=OpenAirSpawn
Spot25.Coordinates=-7949.9409179688,-84208.34375
Spot25.DCSID=9
Spot25.type=OpenAirSpawn
Spot26.Coordinates=-7414.8676757813,-84869.8828125
Spot26.DCSID=8
Spot26.type=OpenAirSpawn
Spot27.Coordinates=-7963.0268554688,-84195.2578125
Spot27.DCSID=7
Spot27.type=OpenAirSpawn
Spot28.Coordinates=-7977.0590820313,-84183.1484375
Spot28.DCSID=6
Spot28.type=OpenAirSpawn
Spot29.Coordinates=-7991.2490234375,-84171.2734375
Spot29.DCSID=5
Spot29.type=OpenAirSpawn
Spot30.Coordinates=-8005.193359375,-84159.3203125
Spot30.DCSID=4
Spot30.type=OpenAirSpawn
Spot31.Coordinates=-8019.6059570313,-84147.4296875
Spot31.DCSID=3
Spot31.type=OpenAirSpawn
Spot32.Coordinates=-8033.611328125,-84135.671875
Spot32.DCSID=2
Spot32.type=OpenAirSpawn

