[Airbase]
Theater=Normandy
ATC=3.925/38.75 118.35/250.35
Coalition=Red
Coordinates=-25702.712890625,-40995.66015625
DCSID=17
Elevation=31
Flags=
ILS=-
Name=Le Molay
Runways=04-22
TACAN=-

[RunwaySpawns]
Spot1.Coordinates=-26563.970703125,-41789.0546875
Spot1.DCSID=22
Spot2.Coordinates=-25682.958984375,-41018.23828125
Spot2.DCSID=21

[Parking]
Spot1.Coordinates=-26501.86328125,-41442.65234375
Spot1.DCSID=37
Spot1.type=OpenAirSpawn
Spot2.Coordinates=-26396.912109375,-41391.05078125
Spot2.DCSID=36
Spot2.type=OpenAirSpawn
Spot3.Coordinates=-26434.833984375,-41425.1015625
Spot3.DCSID=35
Spot3.type=OpenAirSpawn
Spot4.Coordinates=-25967.173828125,-41015.9609375
Spot4.DCSID=34
Spot4.type=AirplaneOnly
Spot5.Coordinates=-26007.224609375,-41048.6171875
Spot5.DCSID=33
Spot5.type=AirplaneOnly
Spot6.Coordinates=-25835.392578125,-40913.86328125
Spot6.DCSID=32
Spot6.type=OpenAirSpawn
Spot7.Coordinates=-25927.123046875,-40981.625
Spot7.DCSID=31
Spot7.type=AirplaneOnly
Spot8.Coordinates=-26147.99609375,-41165.046875
Spot8.DCSID=30
Spot8.type=AirplaneOnly
Spot9.Coordinates=-26184.451171875,-41194.9296875
Spot9.DCSID=29
Spot9.type=AirplaneOnly
Spot10.Coordinates=-26066.966796875,-41090.41796875
Spot10.DCSID=28
Spot10.type=OpenAirSpawn
Spot11.Coordinates=-26113.732421875,-41133.4765625
Spot11.DCSID=27
Spot11.type=AirplaneOnly
Spot12.Coordinates=-26252.294921875,-41265.10546875
Spot12.DCSID=26
Spot12.type=OpenAirSpawn
Spot13.Coordinates=-26290.20703125,-41299.171875
Spot13.DCSID=25
Spot13.type=OpenAirSpawn
Spot14.Coordinates=-26360.94140625,-41360.62109375
Spot14.DCSID=24
Spot14.type=OpenAirSpawn
Spot15.Coordinates=-26323.0234375,-41326.57421875
Spot15.DCSID=23
Spot15.type=OpenAirSpawn
Spot16.Coordinates=-25704.75390625,-40918.19140625
Spot16.DCSID=20
Spot16.type=OpenAirSpawn
Spot17.Coordinates=-25705.8203125,-40864.9921875
Spot17.DCSID=19
Spot17.type=OpenAirSpawn
Spot18.Coordinates=-26456.6796875,-41909.74609375
Spot18.DCSID=18
Spot18.type=OpenAirSpawn
Spot19.Coordinates=-26506.896484375,-41951.0703125
Spot19.DCSID=17
Spot19.type=AirplaneOnly
Spot20.Coordinates=-26572.0234375,-41902.31640625
Spot20.DCSID=16
Spot20.type=OpenAirSpawn
Spot21.Coordinates=-26506.125,-41988.89453125
Spot21.DCSID=15
Spot21.type=AirplaneOnly
Spot22.Coordinates=-26758.326171875,-41765.30078125
Spot22.DCSID=14
Spot22.type=OpenAirSpawn
Spot23.Coordinates=-26740.001953125,-41767.4921875
Spot23.DCSID=13
Spot23.type=OpenAirSpawn
Spot24.Coordinates=-26721.59375,-41769.48046875
Spot24.DCSID=12
Spot24.type=OpenAirSpawn
Spot25.Coordinates=-26703.17578125,-41771.78125
Spot25.DCSID=11
Spot25.type=OpenAirSpawn
Spot26.Coordinates=-25493.111328125,-41083.890625
Spot26.DCSID=10
Spot26.type=OpenAirSpawn
Spot27.Coordinates=-25530.654296875,-41081.60546875
Spot27.DCSID=9
Spot27.type=OpenAirSpawn
Spot28.Coordinates=-26288.302734375,-41755.05078125
Spot28.DCSID=8
Spot28.type=OpenAirSpawn
Spot29.Coordinates=-26326.232421875,-41789.1015625
Spot29.DCSID=7
Spot29.type=OpenAirSpawn
Spot30.Coordinates=-26354.494140625,-41816.046875
Spot30.DCSID=6
Spot30.type=AirplaneOnly
Spot31.Coordinates=-26391.80859375,-41850.55078125
Spot31.DCSID=5
Spot31.type=AirplaneOnly
Spot32.Coordinates=-26430.62890625,-41885.640625
Spot32.DCSID=4
Spot32.type=AirplaneOnly
Spot33.Coordinates=-26539.771484375,-41472.0234375
Spot33.DCSID=3
Spot33.type=AirplaneOnly
Spot34.Coordinates=-26573.3671875,-41502.12109375
Spot34.DCSID=2
Spot34.type=AirplaneOnly
Spot35.Coordinates=-25728.5703125,-40836.21875
Spot35.DCSID=1
Spot35.type=OpenAirSpawn
Spot36.Coordinates=-25710.234375,-40841.69921875
Spot36.DCSID=0
Spot36.type=OpenAirSpawn

