[Airbase]
Theater=Normandy
ATC=3.850/38.60 118.20/250.20
Coalition=Red
Coordinates=-9576.9912109375,-72591.578125
DCSID=14
Elevation=34
Flags=
ILS=-
Name=Beuzeville
Runways=05-23
RunwayLengthFt=3840
TACAN=

[RunwaySpawns]
Spot1.Coordinates=-8827.8662109375,-71691.546875
Spot1.DCSID=22
Spot2.Coordinates=-9599.5498046875,-72571.8046875
Spot2.DCSID=21

[Parking]
Spot1.Coordinates=-8904.1455078125,-72086.5546875
Spot1.DCSID=37
Spot1.type=OpenAirSpawn
Spot2.Coordinates=-8966.158203125,-72156.7890625
Spot2.DCSID=36
Spot2.type=OpenAirSpawn
Spot3.Coordinates=-8933.0673828125,-72118.0390625
Spot3.DCSID=35
Spot3.type=OpenAirSpawn
Spot4.Coordinates=-9334.6943359375,-72571.59375
Spot4.DCSID=34
Spot4.type=AirplaneOnly
Spot5.Coordinates=-9265.564453125,-72490.140625
Spot5.DCSID=33
Spot5.type=OpenAirSpawn
Spot6.Coordinates=-9394.703125,-72640.84375
Spot6.DCSID=32
Spot6.type=AirplaneOnly
Spot7.Coordinates=-9364.3671875,-72605.09375
Spot7.DCSID=31
Spot7.type=AirplaneOnly
Spot8.Coordinates=-9171.2998046875,-72387.046875
Spot8.DCSID=30
Spot8.type=OpenAirSpawn
Spot9.Coordinates=-9128.7919921875,-72332.53125
Spot9.DCSID=29
Spot9.type=AirplaneOnly
Spot10.Coordinates=-9233.30859375,-72457.296875
Spot10.DCSID=28
Spot10.type=OpenAirSpawn
Spot11.Coordinates=-9200.2109375,-72418.5390625
Spot11.DCSID=27
Spot11.type=OpenAirSpawn
Spot12.Coordinates=-9098.00390625,-72298.8359375
Spot12.DCSID=26
Spot12.type=AirplaneOnly
Spot13.Coordinates=-9066.9072265625,-72264.0625
Spot13.DCSID=25
Spot13.type=AirplaneOnly
Spot14.Coordinates=-8997.8095703125,-72191.6875
Spot14.DCSID=24
Spot14.type=OpenAirSpawn
Spot15.Coordinates=-9025.3466796875,-72224.375
Spot15.DCSID=23
Spot15.type=OpenAirSpawn
Spot16.Coordinates=-9564.75390625,-72668.1015625
Spot16.DCSID=20
Spot16.type=OpenAirSpawn
Spot17.Coordinates=-9556.681640625,-72720.6953125
Spot17.DCSID=19
Spot17.type=OpenAirSpawn
Spot18.Coordinates=-8857.833984375,-71516.25
Spot18.DCSID=18
Spot18.type=OpenAirSpawn
Spot19.Coordinates=-8859.0810546875,-71497.75
Spot19.DCSID=17
Spot19.type=OpenAirSpawn
Spot20.Coordinates=-8836.6005859375,-71578.6015625
Spot20.DCSID=16
Spot20.type=OpenAirSpawn
Spot21.Coordinates=-8860.115234375,-71478.9921875
Spot21.DCSID=15
Spot21.type=OpenAirSpawn
Spot22.Coordinates=-8632.0771484375,-71689.46875
Spot22.DCSID=14
Spot22.type=OpenAirSpawn
Spot23.Coordinates=-8650.533203125,-71689.7109375
Spot23.DCSID=13
Spot23.type=OpenAirSpawn
Spot24.Coordinates=-8669.0400390625,-71690.171875
Spot24.DCSID=12
Spot24.type=OpenAirSpawn
Spot25.Coordinates=-8687.6025390625,-71690.3203125
Spot25.DCSID=11
Spot25.type=OpenAirSpawn
Spot26.Coordinates=-9792.357421875,-72563.90625
Spot26.DCSID=10
Spot26.type=OpenAirSpawn
Spot27.Coordinates=-9755.92578125,-72561.0078125
Spot27.DCSID=9
Spot27.type=OpenAirSpawn
Spot28.Coordinates=-9156.751953125,-71811.6328125
Spot28.DCSID=8
Spot28.type=AirplaneOnly
Spot29.Coordinates=-9127.8544921875,-71778.7265625
Spot29.DCSID=7
Spot29.type=AirplaneOnly
Spot30.Coordinates=-9032.51953125,-71678.078125
Spot30.DCSID=6
Spot30.type=AirplaneOnly
Spot31.Coordinates=-9001.4130859375,-71643.4296875
Spot31.DCSID=5
Spot31.type=AirplaneOnly
Spot32.Coordinates=-8969.4560546875,-71608.0546875
Spot32.DCSID=4
Spot32.type=AirplaneOnly
Spot33.Coordinates=-8873.6435546875,-72040.6640625
Spot33.DCSID=3
Spot33.type=OpenAirSpawn
Spot34.Coordinates=-8840.43359375,-72002.3984375
Spot34.DCSID=2
Spot34.type=OpenAirSpawn
Spot35.Coordinates=-9525.783203125,-72749.921875
Spot35.DCSID=1
Spot35.type=OpenAirSpawn
Spot36.Coordinates=-9549.2373046875,-72743.203125
Spot36.DCSID=0
Spot36.type=OpenAirSpawn

