[Airbase]
Theater=Normandy
ATC=3.825/38.85 118.15/250.15
Coalition=Red
Coordinates=-28812.5546875,-48519.23046875
DCSID=13
Elevation=38
Flags=
ILS=-
Name=Chippelle
Runways=06-24
RunwayLengthFt=4643
TACAN=

[RunwaySpawns]
Spot1.Coordinates=-28129.50390625,-47279.296875
Spot1.DCSID=4
Spot2.Coordinates=-28838.51953125,-48504.203125
Spot2.DCSID=3

[Parking]
Spot1.Coordinates=-28030.740234375,-47034.16015625
Spot1.DCSID=39
Spot1.type=OpenAirSpawn
Spot2.Coordinates=-28040.0390625,-47050.03515625
Spot2.DCSID=38
Spot2.type=OpenAirSpawn
Spot3.Coordinates=-28049.359375,-47066.10546875
Spot3.DCSID=37
Spot3.type=OpenAirSpawn
Spot4.Coordinates=-28058.701171875,-47082.17578125
Spot4.DCSID=36
Spot4.type=OpenAirSpawn
Spot5.Coordinates=-28067.8203125,-47098.27734375
Spot5.DCSID=35
Spot5.type=OpenAirSpawn
Spot6.Coordinates=-28077.08984375,-47114.125
Spot6.DCSID=34
Spot6.type=OpenAirSpawn
Spot7.Coordinates=-28086.189453125,-47130.43359375
Spot7.DCSID=33
Spot7.type=OpenAirSpawn
Spot8.Coordinates=-28095.26953125,-47146.3203125
Spot8.DCSID=32
Spot8.type=OpenAirSpawn
Spot9.Coordinates=-29043.02734375,-48431.6953125
Spot9.DCSID=31
Spot9.type=OpenAirSpawn
Spot10.Coordinates=-29006.0546875,-48346.3671875
Spot10.DCSID=30
Spot10.type=AirplaneOnly
Spot11.Coordinates=-28983.876953125,-48264.3984375
Spot11.DCSID=29
Spot11.type=AirplaneOnly
Spot12.Coordinates=-28978.978515625,-48189.9375
Spot12.DCSID=28
Spot12.type=AirplaneOnly
Spot13.Coordinates=-28975.806640625,-48118.0703125
Spot13.DCSID=27
Spot13.type=AirplaneOnly
Spot14.Coordinates=-28858.521484375,-47800.1171875
Spot14.DCSID=26
Spot14.type=AirplaneOnly
Spot15.Coordinates=-28870.4296875,-47743.6171875
Spot15.DCSID=25
Spot15.type=AirplaneOnly
Spot16.Coordinates=-28883.548828125,-47687.8515625
Spot16.DCSID=24
Spot16.type=AirplaneOnly
Spot17.Coordinates=-28896.05859375,-47632.703125
Spot17.DCSID=23
Spot17.type=AirplaneOnly
Spot18.Coordinates=-27739.095703125,-47163.59375
Spot18.DCSID=22
Spot18.type=AirplaneOnly
Spot19.Coordinates=-27717.705078125,-47202.5390625
Spot19.DCSID=21
Spot19.type=AirplaneOnly
Spot20.Coordinates=-27696.97265625,-47242.69140625
Spot20.DCSID=20
Spot20.type=AirplaneOnly
Spot21.Coordinates=-27755.712890625,-47484.1953125
Spot21.DCSID=19
Spot21.type=OpenAirSpawn
Spot22.Coordinates=-27773.833984375,-47524.2265625
Spot22.DCSID=18
Spot22.type=OpenAirSpawn
Spot23.Coordinates=-27805.580078125,-47574.76171875
Spot23.DCSID=17
Spot23.type=OpenAirSpawn
Spot24.Coordinates=-28129.833984375,-48398.9140625
Spot24.DCSID=16
Spot24.type=OpenAirSpawn
Spot25.Coordinates=-28163.1328125,-48399.45703125
Spot25.DCSID=15
Spot25.type=OpenAirSpawn
Spot26.Coordinates=-28320.48046875,-48429.46875
Spot26.DCSID=14
Spot26.type=OpenAirSpawn
Spot27.Coordinates=-28352.4375,-48438.46875
Spot27.DCSID=13
Spot27.type=OpenAirSpawn
Spot28.Coordinates=-28025.763671875,-47186.2421875
Spot28.DCSID=12
Spot28.type=OpenAirSpawn
Spot29.Coordinates=-28016.677734375,-47170.2578125
Spot29.DCSID=11
Spot29.type=OpenAirSpawn
Spot30.Coordinates=-28007.546875,-47154.0703125
Spot30.DCSID=10
Spot30.type=OpenAirSpawn
Spot31.Coordinates=-27998.423828125,-47137.8828125
Spot31.DCSID=9
Spot31.type=OpenAirSpawn
Spot32.Coordinates=-27989.498046875,-47121.671875
Spot32.DCSID=8
Spot32.type=OpenAirSpawn
Spot33.Coordinates=-27980.431640625,-47105.703125
Spot33.DCSID=7
Spot33.type=OpenAirSpawn
Spot34.Coordinates=-27971.533203125,-47089.2734375
Spot34.DCSID=6
Spot34.type=OpenAirSpawn
Spot35.Coordinates=-27962.666015625,-47073.28125
Spot35.DCSID=5
Spot35.type=OpenAirSpawn
Spot36.Coordinates=-27959.81640625,-48073.33984375
Spot36.DCSID=2
Spot36.type=AirplaneOnly
Spot37.Coordinates=-27973.552734375,-47983.5390625
Spot37.DCSID=1
Spot37.type=AirplaneOnly
Spot38.Coordinates=-27995.6875,-47895.3359375
Spot38.DCSID=0
Spot38.type=AirplaneOnly

