[Airbase]
Theater=Normandy
ATC=3.900/38.70 118.30/250.30
Coalition=Red
Coordinates=-11851.96484375,-80781.453125
DCSID=16
Elevation=22
Flags=
ILS=-
Name=Picauville
Runways=11-29
RunwayLengthFt=3840
TACAN=-

[RunwaySpawns]
Spot1.Coordinates=-12277.615234375,-79690.5546875
Spot1.DCSID=22
Spot2.Coordinates=-11880.182617188,-80791.640625
Spot2.DCSID=21

[Parking]
Spot1.Coordinates=-11961.729492188,-79968.1328125
Spot1.DCSID=37
Spot1.type=OpenAirSpawn
Spot2.Coordinates=-11930.229492188,-80056.375
Spot2.DCSID=36
Spot2.type=OpenAirSpawn
Spot3.Coordinates=-11948.153320313,-80008.671875
Spot3.DCSID=35
Spot3.type=OpenAirSpawn
Spot4.Coordinates=-11770.909179688,-80511.5234375
Spot4.DCSID=34
Spot4.type=OpenAirSpawn
Spot5.Coordinates=-11788.8359375,-80463.828125
Spot5.DCSID=33
Spot5.type=OpenAirSpawn
Spot6.Coordinates=-11739.396484375,-80599.78125
Spot6.DCSID=32
Spot6.type=OpenAirSpawn
Spot7.Coordinates=-11757.323242188,-80552.0625
Spot7.DCSID=31
Spot7.type=OpenAirSpawn
Spot8.Coordinates=-11834.852539063,-80327.4453125
Spot8.DCSID=30
Spot8.type=OpenAirSpawn
Spot9.Coordinates=-11852.78125,-80279.7421875
Spot9.DCSID=29
Spot9.type=OpenAirSpawn
Spot10.Coordinates=-11803.34375,-80415.6875
Spot10.DCSID=28
Spot10.type=OpenAirSpawn
Spot11.Coordinates=-11821.268554688,-80367.9765625
Spot11.DCSID=27
Spot11.type=OpenAirSpawn
Spot12.Coordinates=-11865.546875,-80236.8984375
Spot12.DCSID=26
Spot12.type=OpenAirSpawn
Spot13.Coordinates=-11883.475585938,-80189.1953125
Spot13.DCSID=25
Spot13.type=OpenAirSpawn
Spot14.Coordinates=-11914.984375,-80100.953125
Spot14.DCSID=24
Spot14.type=OpenAirSpawn
Spot15.Coordinates=-11897.059570313,-80148.6640625
Spot15.DCSID=23
Spot15.type=OpenAirSpawn
Spot16.Coordinates=-11779.061523438,-80807.7421875
Spot16.DCSID=20
Spot16.type=OpenAirSpawn
Spot17.Coordinates=-11729.125976563,-80826.1015625
Spot17.DCSID=19
Spot17.type=OpenAirSpawn
Spot18.Coordinates=-12445.553710938,-79632.03125
Spot18.DCSID=18
Spot18.type=OpenAirSpawn
Spot19.Coordinates=-12462.34765625,-79624.1796875
Spot19.DCSID=17
Spot19.type=OpenAirSpawn
Spot20.Coordinates=-12380.703125,-79643.59375
Spot20.DCSID=16
Spot20.type=OpenAirSpawn
Spot21.Coordinates=-12479.26953125,-79616.015625
Spot21.DCSID=15
Spot21.type=OpenAirSpawn
Spot22.Coordinates=-12184.776367188,-79518.1640625
Spot22.DCSID=14
Spot22.type=OpenAirSpawn
Spot23.Coordinates=-12193.485351563,-79534.4375
Spot23.DCSID=13
Spot23.type=OpenAirSpawn
Spot24.Coordinates=-12202.032226563,-79550.859375
Spot24.DCSID=12
Spot24.type=OpenAirSpawn
Spot25.Coordinates=-12210.875976563,-79567.1796875
Spot25.DCSID=11
Spot25.type=OpenAirSpawn
Spot26.Coordinates=-12024.680664063,-80935.3203125
Spot26.DCSID=10
Spot26.type=AirplaneOnly
Spot27.Coordinates=-12008.892578125,-80901.1796875
Spot27.DCSID=9
Spot27.type=AirplaneOnly
Spot28.Coordinates=-12149.485351563,-80531.8984375
Spot28.DCSID=8
Spot28.type=AirplaneOnly
Spot29.Coordinates=-12167.399414063,-80484.1875
Spot29.DCSID=7
Spot29.type=AirplaneOnly
Spot30.Coordinates=-12404.50390625,-79805.5546875
Spot30.DCSID=6
Spot30.type=AirplaneOnly
Spot31.Coordinates=-12423.750976563,-79756.4375
Spot31.DCSID=5
Spot31.type=AirplaneOnly
Spot32.Coordinates=-12441.276367188,-79710.0234375
Spot32.DCSID=4
Spot32.type=AirplaneOnly
Spot33.Coordinates=-11900.314453125,-79866.0234375
Spot33.DCSID=3
Spot33.type=AirplaneOnly
Spot34.Coordinates=-11917.751953125,-79818.453125
Spot34.DCSID=2
Spot34.type=AirplaneOnly
Spot35.Coordinates=-11688.598632813,-80813.1875
Spot35.DCSID=1
Spot35.type=OpenAirSpawn
Spot36.Coordinates=-11705.821289063,-80830.46875
Spot36.DCSID=0
Spot36.type=OpenAirSpawn

