[Airbase]
Theater=Normandy
ATC=4.300/39.50 119.10/251.10
Coalition=Blue
Coordinates=150399.015625,-34551.67578125
DCSID=30
Elevation=14
Flags=NearWater
ILS=-
Name=Tangmere
Runways=11-29
RunwayLengthFt=4296
TACAN=

[RunwaySpawns]
Spot1.Coordinates=150105.078125,-34340.5
Spot1.DCSID=6
Spot2.Coordinates=150788.90625,-33223.5546875
Spot2.DCSID=5
Spot3.Coordinates=149946.59375,-33354.2109375
Spot3.DCSID=1
Spot4.Coordinates=150370.71875,-34561.6171875
Spot4.DCSID=0

[Parking]
Spot1.Coordinates=149659.515625,-33975.6953125
Spot1.DCSID=23
Spot1.type=AirplaneOnly
Spot2.Coordinates=149648.15625,-33922.4140625
Spot2.DCSID=22
Spot2.type=AirplaneOnly
Spot3.Coordinates=149610.75,-33741.0703125
Spot3.DCSID=21
Spot3.type=AirplaneOnly
Spot4.Coordinates=149598.21875,-33688.078125
Spot4.DCSID=20
Spot4.type=AirplaneOnly
Spot5.Coordinates=149587.9375,-33634.7421875
Spot5.DCSID=19
Spot5.type=AirplaneOnly
Spot6.Coordinates=150330.75,-32802.7265625
Spot6.DCSID=18
Spot6.type=AirplaneOnly
Spot7.Coordinates=150381.328125,-32823.0390625
Spot7.DCSID=17
Spot7.type=AirplaneOnly
Spot8.Coordinates=150574.03125,-34696.14453125
Spot8.DCSID=16
Spot8.type=AirplaneOnly
Spot9.Coordinates=150615.34375,-34660.78125
Spot9.DCSID=15
Spot9.type=AirplaneOnly
Spot10.Coordinates=150656.828125,-34625.33203125
Spot10.DCSID=14
Spot10.type=AirplaneOnly
Spot11.Coordinates=150774.046875,-33066.66015625
Spot11.DCSID=13
Spot11.type=OpenAirSpawn
Spot12.Coordinates=150789.71875,-33076.13671875
Spot12.DCSID=12
Spot12.type=OpenAirSpawn
Spot13.Coordinates=150649.734375,-33047.71484375
Spot13.DCSID=11
Spot13.type=OpenAirSpawn
Spot14.Coordinates=150739.765625,-33051.48828125
Spot14.DCSID=10
Spot14.type=OpenAirSpawn
Spot15.Coordinates=150757.96875,-33057.1953125
Spot15.DCSID=9
Spot15.type=OpenAirSpawn
Spot16.Coordinates=150617.78125,-32952.65625
Spot16.DCSID=8
Spot16.type=OpenAirSpawn
Spot17.Coordinates=150649.671875,-32966.5078125
Spot17.DCSID=7
Spot17.type=OpenAirSpawn
Spot18.Coordinates=149956.359375,-33045.06640625
Spot18.DCSID=4
Spot18.type=OpenAirSpawn
Spot19.Coordinates=149948.84375,-33069.546875
Spot19.DCSID=3
Spot19.type=OpenAirSpawn
Spot20.Coordinates=149939.671875,-33095.33984375
Spot20.DCSID=2
Spot20.type=OpenAirSpawn

