[Airbase]
Theater=Normandy
ATC=4.475/39.85 119.45/251.45
Coalition=Red
Coordinates=-89827.28125,25495.240234375
DCSID=38
Elevation=180
Flags=
ILS=-
Name=Vrigny
Runways=14-32
RunwayLengthFt=3283
TACAN=-

[RunwaySpawns]
Spot1.Coordinates=-89092.8984375,24814.439453125
Spot1.DCSID=1
Spot2.Coordinates=-89806.234375,25516.619140625
Spot2.DCSID=0

[Parking]
Spot1.Coordinates=-89708.1484375,25499.544921875
Spot1.DCSID=33
Spot1.type=OpenAirSpawn
Spot2.Coordinates=-89727.0859375,25519.228515625
Spot2.DCSID=32
Spot2.type=OpenAirSpawn
Spot3.Coordinates=-89745.96875,25539.416015625
Spot3.DCSID=31
Spot3.type=OpenAirSpawn
Spot4.Coordinates=-89765.53125,25559.83203125
Spot4.DCSID=30
Spot4.type=OpenAirSpawn
Spot5.Coordinates=-89741.40625,25585.81640625
Spot5.DCSID=29
Spot5.type=OpenAirSpawn
Spot6.Coordinates=-89722.40625,25566.212890625
Spot6.DCSID=28
Spot6.type=OpenAirSpawn
Spot7.Coordinates=-89703.4609375,25546.09765625
Spot7.DCSID=27
Spot7.type=OpenAirSpawn
Spot8.Coordinates=-89210.5703125,25125.765625
Spot8.DCSID=26
Spot8.type=AirplaneOnly
Spot9.Coordinates=-89243.953125,25163.791015625
Spot9.DCSID=25
Spot9.type=AirplaneOnly
Spot10.Coordinates=-89277.296875,25202.861328125
Spot10.DCSID=24
Spot10.type=AirplaneOnly
Spot11.Coordinates=-89308.8203125,25242.6953125
Spot11.DCSID=23
Spot11.type=AirplaneOnly
Spot12.Coordinates=-89523.390625,25488.888671875
Spot12.DCSID=22
Spot12.type=AirplaneOnly
Spot13.Coordinates=-89556.8671875,25528.056640625
Spot13.DCSID=21
Spot13.type=AirplaneOnly
Spot14.Coordinates=-89058.1171875,24947.13671875
Spot14.DCSID=20
Spot14.type=OpenAirSpawn
Spot15.Coordinates=-89071.640625,24960.275390625
Spot15.DCSID=19
Spot15.type=OpenAirSpawn
Spot16.Coordinates=-89084.9375,24973.1328125
Spot16.DCSID=18
Spot16.type=OpenAirSpawn
Spot17.Coordinates=-89097.96875,24986.0703125
Spot17.DCSID=17
Spot17.type=OpenAirSpawn
Spot18.Coordinates=-89111.40625,24998.998046875
Spot18.DCSID=16
Spot18.type=OpenAirSpawn
Spot19.Coordinates=-89124.125,25012.45703125
Spot19.DCSID=15
Spot19.type=OpenAirSpawn
Spot20.Coordinates=-89137.265625,25025.31640625
Spot20.DCSID=14
Spot20.type=OpenAirSpawn
Spot21.Coordinates=-89150.5546875,25038.181640625
Spot21.DCSID=13
Spot21.type=OpenAirSpawn
Spot22.Coordinates=-89163.5703125,25051.125
Spot22.DCSID=12
Spot22.type=OpenAirSpawn
Spot23.Coordinates=-89177.09375,25064.025390625
Spot23.DCSID=11
Spot23.type=OpenAirSpawn
Spot24.Coordinates=-89190.203125,25076.791015625
Spot24.DCSID=10
Spot24.type=OpenAirSpawn
Spot25.Coordinates=-89204.140625,24823.0078125
Spot25.DCSID=9
Spot25.type=OpenAirSpawn
Spot26.Coordinates=-89683.8125,25525.751953125
Spot26.DCSID=8
Spot26.type=OpenAirSpawn
Spot27.Coordinates=-89192.1484375,24808.904296875
Spot27.DCSID=7
Spot27.type=OpenAirSpawn
Spot28.Coordinates=-89179.1484375,24795.705078125
Spot28.DCSID=6
Spot28.type=OpenAirSpawn
Spot29.Coordinates=-89165.9609375,24782.716796875
Spot29.DCSID=5
Spot29.type=OpenAirSpawn
Spot30.Coordinates=-89153.0390625,24769.66796875
Spot30.DCSID=4
Spot30.type=OpenAirSpawn
Spot31.Coordinates=-89139.6328125,24756.654296875
Spot31.DCSID=3
Spot31.type=OpenAirSpawn
Spot32.Coordinates=-89126.6328125,24743.80078125
Spot32.DCSID=2
Spot32.type=OpenAirSpawn

