[Airbase]
Theater=PersianGulf
ATC=250.650/120.700
Coalition=Red
Coordinates=-171641.84375,25888.533203125
DCSID=25
Elevation=718
Flags=Military
ILS=-
Name=Mezzeh
Runways=26-6
TACAN=-

[RunwaySpawns]
Spot1.Coordinates=-172705.453125,23857.09375
Spot1.DCSID=5
Spot2.Coordinates=-171615.453125,25874.271484375
Spot2.DCSID=4

[Parking]
Spot1.Coordinates=-172490.828125,24998.720703125
Spot1.DCSID=41
Spot1.type=HelicopterOnly
Spot2.Coordinates=-172430.765625,24968.0546875
Spot2.DCSID=40
Spot2.type=HelicopterOnly
Spot3.Coordinates=-172420.4375,24927.71875
Spot3.DCSID=39
Spot3.type=HelicopterOnly
Spot4.Coordinates=-172389.671875,24866.978515625
Spot4.DCSID=38
Spot4.type=HelicopterOnly
Spot5.Coordinates=-172383.453125,24812.70703125
Spot5.DCSID=37
Spot5.type=HelicopterOnly
Spot6.Coordinates=-172412.15625,24750.208984375
Spot6.DCSID=36
Spot6.type=HelicopterOnly
Spot7.Coordinates=-172529.3125,24713.166015625
Spot7.DCSID=35
Spot7.type=HelicopterOnly
Spot8.Coordinates=-172593.421875,24736.400390625
Spot8.DCSID=34
Spot8.type=HelicopterOnly
Spot9.Coordinates=-172618.59375,24960.681640625
Spot9.DCSID=33
Spot9.type=HelicopterOnly
Spot10.Coordinates=-172643.75,24899.298828125
Spot10.DCSID=32
Spot10.type=HelicopterOnly
Spot11.Coordinates=-172608.5625,24787.755859375
Spot11.DCSID=31
Spot11.type=HelicopterOnly
Spot12.Coordinates=-172635.484375,24848.1875
Spot12.DCSID=30
Spot12.type=HelicopterOnly
Spot13.Coordinates=-171705.78125,26361.802734375
Spot13.DCSID=29
Spot13.type=AirplaneOnly
Spot14.Coordinates=-172171.921875,26050.841796875
Spot14.DCSID=28
Spot14.type=AirplaneOnly
Spot15.Coordinates=-171904.296875,25872.267578125
Spot15.DCSID=27
Spot15.type=AirplaneOnly
Spot16.Coordinates=-171956.796875,25702.974609375
Spot16.DCSID=26
Spot16.type=AirplaneOnly
Spot17.Coordinates=-172214.40625,24238.7578125
Spot17.DCSID=25
Spot17.type=AirplaneOnly
Spot18.Coordinates=-172339.21875,24013.982421875
Spot18.DCSID=24
Spot18.type=AirplaneOnly
Spot19.Coordinates=-171426.296875,25749.833984375
Spot19.DCSID=23
Spot19.type=AirplaneOnly
Spot20.Coordinates=-172558.390625,23857.439453125
Spot20.DCSID=22
Spot20.type=OpenAirSpawn
Spot21.Coordinates=-172467.09375,24034.341796875
Spot21.DCSID=21
Spot21.type=OpenAirSpawn
Spot22.Coordinates=-172387.5,24179.1640625
Spot22.DCSID=20
Spot22.type=OpenAirSpawn
Spot23.Coordinates=-172321.125,24304.59375
Spot23.DCSID=19
Spot23.type=OpenAirSpawn
Spot24.Coordinates=-172219.59375,24488.287109375
Spot24.DCSID=18
Spot24.type=OpenAirSpawn
Spot25.Coordinates=-172090.21875,24730.08203125
Spot25.DCSID=17
Spot25.type=OpenAirSpawn
Spot26.Coordinates=-171630.90625,26241.94921875
Spot26.DCSID=16
Spot26.type=AirplaneOnly
Spot27.Coordinates=-172528.015625,23638.708984375
Spot27.DCSID=15
Spot27.type=AirplaneOnly
Spot28.Coordinates=-172511.28125,23612.505859375
Spot28.DCSID=14
Spot28.type=AirplaneOnly
Spot29.Coordinates=-172891.4375,23873.232421875
Spot29.DCSID=13
Spot29.type=AirplaneOnly
Spot30.Coordinates=-172922.15625,23871.599609375
Spot30.DCSID=12
Spot30.type=AirplaneOnly
Spot31.Coordinates=-171582.265625,25078.34375
Spot31.DCSID=11
Spot31.type=OpenAirSpawn
Spot32.Coordinates=-171618.53125,25034.96484375
Spot32.DCSID=10
Spot32.type=OpenAirSpawn
Spot33.Coordinates=-171956.25,26037.0234375
Spot33.DCSID=9
Spot33.type=AirplaneOnly
Spot34.Coordinates=-171343.9375,26082.59375
Spot34.DCSID=8
Spot34.type=AirplaneOnly
Spot35.Coordinates=-171359.1875,26056.25390625
Spot35.DCSID=7
Spot35.type=AirplaneOnly
Spot36.Coordinates=-171606.046875,26258.921875
Spot36.DCSID=6
Spot36.type=AirplaneOnly
Spot37.Coordinates=-172004.765625,24883.302734375
Spot37.DCSID=3
Spot37.type=OpenAirSpawn
Spot38.Coordinates=-172004.625,25550.388671875
Spot38.DCSID=2
Spot38.type=HelicopterOnly
Spot39.Coordinates=-171989.59375,25521.22265625
Spot39.DCSID=1
Spot39.type=HelicopterOnly
Spot40.Coordinates=-171953.078125,25448.814453125
Spot40.DCSID=0
Spot40.type=HelicopterOnly

