[Airbase]
Theater=PersianGulf
ATC=4.375/39.65 119.25/251.25
Coalition=Red
Coordinates=-80723.7734375,17047.083984375
DCSID=33
Elevation=188
Flags=
ILS=-
Name=Goulet
Runways=03-21
TACAN=-

[RunwaySpawns]
Spot1.Coordinates=-81603.2890625,16568.26953125
Spot1.DCSID=1
Spot2.Coordinates=-80710.2265625,17020.318359375
Spot2.DCSID=0

[Parking]
Spot1.Coordinates=-80757.703125,16932.80859375
Spot1.DCSID=33
Spot1.type=OpenAirSpawn
Spot2.Coordinates=-80733.0078125,16944.470703125
Spot2.DCSID=32
Spot2.type=OpenAirSpawn
Spot3.Coordinates=-80707.8515625,16955.9296875
Spot3.DCSID=31
Spot3.type=OpenAirSpawn
Spot4.Coordinates=-80682.2578125,16967.955078125
Spot4.DCSID=30
Spot4.type=OpenAirSpawn
Spot5.Coordinates=-80665.328125,16936.802734375
Spot5.DCSID=29
Spot5.type=OpenAirSpawn
Spot6.Coordinates=-80689.96875,16925.048828125
Spot6.DCSID=28
Spot6.type=OpenAirSpawn
Spot7.Coordinates=-80715.078125,16913.501953125
Spot7.DCSID=27
Spot7.type=OpenAirSpawn
Spot8.Coordinates=-81270.6875,16580.47265625
Spot8.DCSID=26
Spot8.type=AirplaneOnly
Spot9.Coordinates=-81224,16599.98046875
Spot9.DCSID=25
Spot9.type=AirplaneOnly
Spot10.Coordinates=-81176.34375,16619.111328125
Spot10.DCSID=24
Spot10.type=AirplaneOnly
Spot11.Coordinates=-81128.53125,16636.283203125
Spot11.DCSID=23
Spot11.type=AirplaneOnly
Spot12.Coordinates=-80826.7421875,16761.1015625
Spot12.DCSID=22
Spot12.type=AirplaneOnly
Spot13.Coordinates=-80778.9375,16780.33203125
Spot13.DCSID=21
Spot13.type=AirplaneOnly
Spot14.Coordinates=-81488.625,16492.970703125
Spot14.DCSID=20
Spot14.type=OpenAirSpawn
Spot15.Coordinates=-81471.8515625,16501.595703125
Spot15.DCSID=19
Spot15.type=OpenAirSpawn
Spot16.Coordinates=-81455.4296875,16510.09765625
Spot16.DCSID=18
Spot16.type=OpenAirSpawn
Spot17.Coordinates=-81439.0078125,16518.322265625
Spot17.DCSID=17
Spot17.type=OpenAirSpawn
Spot18.Coordinates=-81422.46875,16526.93359375
Spot18.DCSID=16
Spot18.type=OpenAirSpawn
Spot19.Coordinates=-81405.65625,16534.697265625
Spot19.DCSID=15
Spot19.type=OpenAirSpawn
Spot20.Coordinates=-81389.2734375,16543.04296875
Spot20.DCSID=14
Spot20.type=OpenAirSpawn
Spot21.Coordinates=-81372.84375,16551.53125
Spot21.DCSID=13
Spot21.type=OpenAirSpawn
Spot22.Coordinates=-81356.4296875,16559.748046875
Spot22.DCSID=12
Spot22.type=OpenAirSpawn
Spot23.Coordinates=-81339.875,16568.44921875
Spot23.DCSID=11
Spot23.type=OpenAirSpawn
Spot24.Coordinates=-81323.609375,16576.791015625
Spot24.DCSID=10
Spot24.type=OpenAirSpawn
Spot25.Coordinates=-81559.6796875,16670.970703125
Spot25.DCSID=9
Spot25.type=OpenAirSpawn
Spot26.Coordinates=-80740.625,16901.3828125
Spot26.DCSID=8
Spot26.type=OpenAirSpawn
Spot27.Coordinates=-81576.8671875,16664.10546875
Spot27.DCSID=7
Spot27.type=OpenAirSpawn
Spot28.Coordinates=-81593.5234375,16655.99609375
Spot28.DCSID=6
Spot28.type=OpenAirSpawn
Spot29.Coordinates=-81610.046875,16647.634765625
Spot29.DCSID=5
Spot29.type=OpenAirSpawn
Spot30.Coordinates=-81626.5390625,16639.55078125
Spot30.DCSID=4
Spot30.type=OpenAirSpawn
Spot31.Coordinates=-81643.1484375,16630.994140625
Spot31.DCSID=3
Spot31.type=OpenAirSpawn
Spot32.Coordinates=-81659.4765625,16622.775390625
Spot32.DCSID=2
Spot32.type=OpenAirSpawn

