[Airbase]
Theater=PersianGulf
ATC=4.175/39.25 118.85/250.85
Coalition=Red
Coordinates=-46536.46875,112383.7265625
DCSID=26
Elevation=129
Flags=
ILS=-
Name=Evreux
Runways=16-34
TACAN=-

[RunwaySpawns]
Spot1.Coordinates=-46669.66015625,112097.1875
Spot1.DCSID=25
Spot2.Coordinates=-45621.15625,112830.921875
Spot2.DCSID=24
Spot3.Coordinates=-45268.40234375,112054.953125
Spot3.DCSID=20
Spot4.Coordinates=-46528.27734375,112412.5859375
Spot4.DCSID=19

[Parking]
Spot1.Coordinates=-46481.66015625,112655.5234375
Spot1.DCSID=27
Spot1.type=OpenAirSpawn
Spot2.Coordinates=-46437.4140625,112687.0703125
Spot2.DCSID=26
Spot2.type=OpenAirSpawn
Spot3.Coordinates=-45373.71484375,112907.3203125
Spot3.DCSID=23
Spot3.type=OpenAirSpawn
Spot4.Coordinates=-45346.4140625,112905.4375
Spot4.DCSID=22
Spot4.type=OpenAirSpawn
Spot5.Coordinates=-45320.82421875,112904.8046875
Spot5.DCSID=21
Spot5.type=OpenAirSpawn
Spot6.Coordinates=-45058.38671875,112258.2890625
Spot6.DCSID=18
Spot6.type=OpenAirSpawn
Spot7.Coordinates=-46397.5234375,112725.5703125
Spot7.DCSID=17
Spot7.type=OpenAirSpawn
Spot8.Coordinates=-45053.62890625,112292.734375
Spot8.DCSID=16
Spot8.type=OpenAirSpawn
Spot9.Coordinates=-45116.5234375,112129.5546875
Spot9.DCSID=15
Spot9.type=OpenAirSpawn
Spot10.Coordinates=-45115.94140625,112148.625
Spot10.DCSID=14
Spot10.type=OpenAirSpawn
Spot11.Coordinates=-45136.546875,112236.3515625
Spot11.DCSID=13
Spot11.type=OpenAirSpawn
Spot12.Coordinates=-45126.21484375,112093.875
Spot12.DCSID=12
Spot12.type=OpenAirSpawn
Spot13.Coordinates=-45121.30078125,112111.5234375
Spot13.DCSID=11
Spot13.type=OpenAirSpawn
Spot14.Coordinates=-46350.63671875,112760.375
Spot14.DCSID=10
Spot14.type=OpenAirSpawn
Spot15.Coordinates=-46652.8046875,111806.25
Spot15.DCSID=9
Spot15.type=OpenAirSpawn
Spot16.Coordinates=-46699.2421875,111834.890625
Spot16.DCSID=8
Spot16.type=OpenAirSpawn
Spot17.Coordinates=-46745.3359375,111867.9375
Spot17.DCSID=7
Spot17.type=OpenAirSpawn
Spot18.Coordinates=-44992.4921875,112555.34375
Spot18.DCSID=6
Spot18.type=AirplaneOnly
Spot19.Coordinates=-44986.59375,112609.53125
Spot19.DCSID=5
Spot19.type=AirplaneOnly
Spot20.Coordinates=-45987.94921875,113100.7421875
Spot20.DCSID=4
Spot20.type=OpenAirSpawn
Spot21.Coordinates=-46036.52734375,113076.46875
Spot21.DCSID=3
Spot21.type=OpenAirSpawn
Spot22.Coordinates=-46084.17578125,113050.125
Spot22.DCSID=2
Spot22.type=OpenAirSpawn
Spot23.Coordinates=-46247.6796875,112961.9921875
Spot23.DCSID=1
Spot23.type=OpenAirSpawn
Spot24.Coordinates=-46294.65234375,112935.03125
Spot24.DCSID=0
Spot24.type=OpenAirSpawn

