[Airbase]
Theater=PersianGulf
ATC=250.200/118.100
Coalition=Red
Coordinates=115071.7578125,188376.15625
DCSID=17
Elevation=356
Flags=Military
ILS=-
Name=Jirah
Runways=28-10
TACAN=-

[RunwaySpawns]
Spot1.Coordinates=115618.0703125,185659.71875
Spot1.DCSID=29
Spot2.Coordinates=115101.234375,188381.75
Spot2.DCSID=28

[Parking]
Spot1.Coordinates=115201.296875,188650.59375
Spot1.DCSID=27
Spot1.type=AirplaneOnly
Spot2.Coordinates=114916.1015625,188617.359375
Spot2.DCSID=26
Spot2.type=AirplaneOnly
Spot3.Coordinates=114970.328125,188493.078125
Spot3.DCSID=25
Spot3.type=OpenAirSpawn
Spot4.Coordinates=115360.2109375,188654.09375
Spot4.DCSID=24
Spot4.type=AirplaneOnly
Spot5.Coordinates=115666.921875,187660.171875
Spot5.DCSID=23
Spot5.type=AirplaneOnly
Spot6.Coordinates=115598.4921875,188546.25
Spot6.DCSID=22
Spot6.type=OpenAirSpawn
Spot7.Coordinates=115476.65625,188641.28125
Spot7.DCSID=21
Spot7.type=OpenAirSpawn
Spot8.Coordinates=115488.7109375,187471.15625
Spot8.DCSID=20
Spot8.type=AirplaneOnly
Spot9.Coordinates=115390.9375,188318.203125
Spot9.DCSID=19
Spot9.type=AirplaneOnly
Spot10.Coordinates=114886.15625,188621.90625
Spot10.DCSID=18
Spot10.type=AirplaneOnly
Spot11.Coordinates=114899.359375,187879.53125
Spot11.DCSID=17
Spot11.type=AirplaneOnly
Spot12.Coordinates=114965.78125,188002.296875
Spot12.DCSID=16
Spot12.type=OpenAirSpawn
Spot13.Coordinates=115033.0234375,187674.25
Spot13.DCSID=15
Spot13.type=AirplaneOnly
Spot14.Coordinates=114820.4765625,188414.484375
Spot14.DCSID=14
Spot14.type=OpenAirSpawn
Spot15.Coordinates=114840.78125,188132.8125
Spot15.DCSID=13
Spot15.type=OpenAirSpawn
Spot16.Coordinates=115387.28125,187936.125
Spot16.DCSID=12
Spot16.type=AirplaneOnly
Spot17.Coordinates=115610.015625,188144.40625
Spot17.DCSID=11
Spot17.type=AirplaneOnly
Spot18.Coordinates=115500.3046875,187918.171875
Spot18.DCSID=10
Spot18.type=AirplaneOnly
Spot19.Coordinates=115265.5078125,188356.421875
Spot19.DCSID=9
Spot19.type=OpenAirSpawn
Spot20.Coordinates=115269.9921875,188332.75
Spot20.DCSID=8
Spot20.type=OpenAirSpawn
Spot21.Coordinates=115274.96875,188308.09375
Spot21.DCSID=7
Spot21.type=OpenAirSpawn
Spot22.Coordinates=115261.1953125,188381.796875
Spot22.DCSID=6
Spot22.type=OpenAirSpawn
Spot23.Coordinates=115242.3671875,188480.90625
Spot23.DCSID=5
Spot23.type=OpenAirSpawn
Spot24.Coordinates=115237.7109375,188505.8125
Spot24.DCSID=4
Spot24.type=OpenAirSpawn
Spot25.Coordinates=115233.203125,188529.59375
Spot25.DCSID=3
Spot25.type=OpenAirSpawn
Spot26.Coordinates=115256.4296875,188406.671875
Spot26.DCSID=2
Spot26.type=OpenAirSpawn
Spot27.Coordinates=115247.0625,188456.609375
Spot27.DCSID=1
Spot27.type=OpenAirSpawn
Spot28.Coordinates=115251.65625,188431.671875
Spot28.DCSID=0
Spot28.type=OpenAirSpawn

