[Airbase]
Theater=PersianGulf
ATC=250.80/121.60
Coalition=Blue
Coordinates=-62870.8828125,-30497.56640625
DCSID=28
Elevation=21
Flags=NearWater
ILS=-
Name=Ras Al Khaimah
Runways=16-34
TACAN=-

[Parking]
Spot1.Coordinates=-61026.64453125,-30603.87890625
Spot1.DCSID=19
Spot1.Type=OpenAirSpawn
Spot2.Coordinates=-61097.95703125,-30583.767578125
Spot2.DCSID=18
Spot2.Type=OpenAirSpawn
Spot3.Coordinates=-63693.69921875,-30817.26171875
Spot3.DCSID=17
Spot3.Type=OpenAirSpawn
Spot4.Coordinates=-63696.48828125,-30853.599609375
Spot4.DCSID=16
Spot4.Type=OpenAirSpawn
Spot5.Coordinates=-63740.3125,-30830.5546875
Spot5.DCSID=15
Spot5.Type=OpenAirSpawn
Spot6.Coordinates=-61412.5859375,-30628.7578125
Spot6.DCSID=14
Spot6.Type=OpenAirSpawn
Spot7.Coordinates=-61367.296875,-30641.447265625
Spot7.DCSID=13
Spot7.Type=OpenAirSpawn
Spot8.Coordinates=-61324.3046875,-30652.87890625
Spot8.DCSID=12
Spot8.Type=OpenAirSpawn
Spot9.Coordinates=-61191.953125,-30677.607421875
Spot9.DCSID=11
Spot9.Type=OpenAirSpawn
Spot10.Coordinates=-61138.0625,-30692.197265625
Spot10.DCSID=10
Spot10.Type=OpenAirSpawn
Spot11.Coordinates=-61086.82421875,-30704.681640625
Spot11.DCSID=9
Spot11.Type=OpenAirSpawn
Spot12.Coordinates=-61040.96875,-30716.12890625
Spot12.DCSID=8
Spot12.Type=OpenAirSpawn
Spot13.Coordinates=-61152.8046875,-30566.630859375
Spot13.DCSID=7
Spot13.Type=OpenAirSpawn
Spot14.Coordinates=-61199.70703125,-30555.169921875
Spot14.DCSID=6
Spot14.Type=OpenAirSpawn
Spot15.Coordinates=-61475.578125,-30498.0859375
Spot15.DCSID=5
Spot15.Type=OpenAirSpawn
Spot16.Coordinates=-61402.7265625,-30502.130859375
Spot16.DCSID=4
Spot16.Type=OpenAirSpawn
Spot17.Coordinates=-61342.05078125,-30518.65234375
Spot17.DCSID=3
Spot17.Type=OpenAirSpawn
Spot18.Coordinates=-61266.6328125,-30535.677734375
Spot18.DCSID=2
Spot18.Type=OpenAirSpawn

