[Airbase]
Theater=PersianGulf
ATC=4.050/39.00 118.60/250.60
Coalition=Red
Coordinates=-18815.318359375,-14521.333007813
DCSID=21
Elevation=48
Flags=NearWater
ILS=-
Name=Sainte-Croix-sur-Mer
Runways=09-27
TACAN=-

[RunwaySpawns]
Spot1.Coordinates=-18789.515625,-15692.048828125
Spot1.DCSID=22
Spot2.Coordinates=-18785.318359375,-14521.440429688
Spot2.DCSID=21

[Parking]
Spot1.Coordinates=-18972.37109375,-15344.463867188
Spot1.DCSID=37
Spot1.type=OpenAirSpawn
Spot2.Coordinates=-18971.705078125,-15250.770507813
Spot2.DCSID=36
Spot2.type=OpenAirSpawn
Spot3.Coordinates=-18971.224609375,-15301.727539063
Spot3.DCSID=35
Spot3.type=OpenAirSpawn
Spot4.Coordinates=-18960.92578125,-14696.232421875
Spot4.DCSID=34
Spot4.type=AirplaneOnly
Spot5.Coordinates=-18967.41015625,-14801.403320313
Spot5.DCSID=33
Spot5.type=OpenAirSpawn
Spot6.Coordinates=-18959.62109375,-14603.09765625
Spot6.DCSID=32
Spot6.type=AirplaneOnly
Spot7.Coordinates=-18960.541015625,-14651.478515625
Spot7.DCSID=31
Spot7.type=AirplaneOnly
Spot8.Coordinates=-18968.583984375,-14941.051757813
Spot8.DCSID=30
Spot8.type=OpenAirSpawn
Spot9.Coordinates=-18969.814453125,-15010.532226563
Spot9.DCSID=29
Spot9.type=AirplaneOnly
Spot10.Coordinates=-18967.92578125,-14847.35546875
Spot10.DCSID=28
Spot10.type=OpenAirSpawn
Spot11.Coordinates=-18967.447265625,-14898.3203125
Spot11.DCSID=27
Spot11.type=OpenAirSpawn
Spot12.Coordinates=-18970.9140625,-15056.166015625
Spot12.DCSID=26
Spot12.type=AirplaneOnly
Spot13.Coordinates=-18971.541015625,-15102.810546875
Spot13.DCSID=25
Spot13.type=AirplaneOnly
Spot14.Coordinates=-18970.740234375,-15203.66796875
Spot14.DCSID=24
Spot14.type=OpenAirSpawn
Spot15.Coordinates=-18971.427734375,-15160.932617188
Spot15.DCSID=23
Spot15.type=OpenAirSpawn
Spot16.Coordinates=-18874.7890625,-14471.642578125
Spot16.DCSID=20
Spot16.type=OpenAirSpawn
Spot17.Coordinates=-18915.40234375,-14437.274414063
Spot17.DCSID=19
Spot17.type=OpenAirSpawn
Spot18.Coordinates=-18651.82421875,-15804.607421875
Spot18.DCSID=18
Spot18.type=OpenAirSpawn
Spot19.Coordinates=-18638.740234375,-15817.741210938
Spot19.DCSID=17
Spot19.type=OpenAirSpawn
Spot20.Coordinates=-18706.99609375,-15769.623046875
Spot20.DCSID=16
Spot20.type=OpenAirSpawn
Spot21.Coordinates=-18625.642578125,-15831.211914063
Spot21.DCSID=15
Spot21.type=OpenAirSpawn
Spot22.Coordinates=-18935.8359375,-15822.157226563
Spot22.DCSID=14
Spot22.type=OpenAirSpawn
Spot23.Coordinates=-18922.07421875,-15809.856445313
Spot23.DCSID=13
Spot23.type=OpenAirSpawn
Spot24.Coordinates=-18908.4140625,-15797.360351563
Spot24.DCSID=12
Spot24.type=OpenAirSpawn
Spot25.Coordinates=-18894.51171875,-15785.061523438
Spot25.DCSID=11
Spot25.type=OpenAirSpawn
Spot26.Coordinates=-18634.69921875,-14400.814453125
Spot26.DCSID=10
Spot26.type=OpenAirSpawn
Spot27.Coordinates=-18660.2734375,-14426.922851563
Spot27.DCSID=9
Spot27.type=OpenAirSpawn
Spot28.Coordinates=-18624.076171875,-15346.54296875
Spot28.DCSID=8
Spot28.type=AirplaneOnly
Spot29.Coordinates=-18623.94140625,-15393.258789063
Spot29.DCSID=7
Spot29.type=AirplaneOnly
Spot30.Coordinates=-18624.60546875,-15530.530273438
Spot30.DCSID=6
Spot30.type=AirplaneOnly
Spot31.Coordinates=-18625.447265625,-15578.038085938
Spot31.DCSID=5
Spot31.type=AirplaneOnly
Spot32.Coordinates=-18627.90234375,-15635.443359375
Spot32.DCSID=4
Spot32.type=AirplaneOnly
Spot33.Coordinates=-18974.267578125,-15398.202148438
Spot33.DCSID=3
Spot33.type=OpenAirSpawn
Spot34.Coordinates=-18974.197265625,-15448.8671875
Spot34.DCSID=2
Spot34.type=OpenAirSpawn
Spot35.Coordinates=-18955.51171875,-14439.032226563
Spot35.DCSID=1
Spot35.type=OpenAirSpawn
Spot36.Coordinates=-18935.796875,-14425.181640625
Spot36.DCSID=0
Spot36.type=OpenAirSpawn

