[Airbase]
Theater=PersianGulf
ATC=251.100/119.500
Coalition=Red
Coordinates=-48864.37109375,7502.1235351563
DCSID=33
Elevation=4
Flags=Military,NearWater
ILS=-
Name=Rene Mouawad
Runways=6-24
TACAN=-

[RunwaySpawns]
Spot1.Coordinates=-47720.7890625,9865.890625
Spot1.DCSID=1
Spot2.Coordinates=-48891.2265625,7515.4965820313
Spot2.DCSID=0

[Parking]
Spot1.Coordinates=-47367.125,9996.330078125
Spot1.DCSID=14
Spot1.type=AirplaneOnly
Spot2.Coordinates=-47529.86328125,9976.3935546875
Spot2.DCSID=13
Spot2.type=AirplaneOnly
Spot3.Coordinates=-48860.46875,7303.2216796875
Spot3.DCSID=12
Spot3.type=AirplaneOnly
Spot4.Coordinates=-48921.453125,7167.7524414063
Spot4.DCSID=11
Spot4.type=AirplaneOnly
Spot5.Coordinates=-47852.80078125,8893.1640625
Spot5.DCSID=10
Spot5.type=OpenAirSpawn
Spot6.Coordinates=-47869.05859375,8861.5
Spot6.DCSID=9
Spot6.type=OpenAirSpawn
Spot7.Coordinates=-47885.35546875,8829.9736328125
Spot7.DCSID=8
Spot7.type=OpenAirSpawn
Spot8.Coordinates=-47979.92578125,8642.92578125
Spot8.DCSID=7
Spot8.type=HelicopterOnly
Spot9.Coordinates=-47933.48828125,8734.7802734375
Spot9.DCSID=6
Spot9.type=HelicopterOnly
Spot10.Coordinates=-47917.640625,8766.47265625
Spot10.DCSID=5
Spot10.type=HelicopterOnly
Spot11.Coordinates=-47900.51171875,8797.40234375
Spot11.DCSID=4
Spot11.type=HelicopterOnly
Spot12.Coordinates=-47964.61328125,8671.2744140625
Spot12.DCSID=3
Spot12.type=HelicopterOnly
Spot13.Coordinates=-47948.4140625,8702.654296875
Spot13.DCSID=2
Spot13.type=HelicopterOnly

