[Airbase]
Theater=PersianGulf
ATC=250.500/112.700
Coalition=Red
Coordinates=-170221.796875,47457.7421875
DCSID=22
Elevation=611
Flags=Military
ILS=-
Name=Marj as Sultan North
Runways=8-26
TACAN=-

[RunwaySpawns]
Spot1.Coordinates=-170237.765625,47543.50390625
Spot1.DCSID=15
Spot2.Coordinates=-170251.375,47462.7265625
Spot2.DCSID=0

[Parking]
Spot1.Coordinates=-170091.296875,47529.609375
Spot1.DCSID=14
Spot1.type=HelicopterOnly
Spot2.Coordinates=-170288.609375,47557.875
Spot2.DCSID=13
Spot2.type=HelicopterOnly
Spot3.Coordinates=-170295.5,47514.87890625
Spot3.DCSID=12
Spot3.type=HelicopterOnly
Spot4.Coordinates=-170302.75,47470.953125
Spot4.DCSID=11
Spot4.type=HelicopterOnly
Spot5.Coordinates=-170188.890625,47496.6328125
Spot5.DCSID=10
Spot5.type=HelicopterOnly
Spot6.Coordinates=-170136.359375,47536.38671875
Spot6.DCSID=9
Spot6.type=HelicopterOnly
Spot7.Coordinates=-170180.875,47544.80859375
Spot7.DCSID=8
Spot7.type=HelicopterOnly
Spot8.Coordinates=-170167.578125,47621.31640625
Spot8.DCSID=7
Spot8.type=HelicopterOnly
Spot9.Coordinates=-170197.75,47446.05078125
Spot9.DCSID=6
Spot9.type=HelicopterOnly
Spot10.Coordinates=-170153.375,47438.53515625
Spot10.DCSID=5
Spot10.type=HelicopterOnly
Spot11.Coordinates=-170108.171875,47430.20703125
Spot11.DCSID=4
Spot11.type=HelicopterOnly
Spot12.Coordinates=-170234.984375,47371.68359375
Spot12.DCSID=3
Spot12.type=HelicopterOnly
Spot13.Coordinates=-170281.296875,47602.125
Spot13.DCSID=2
Spot13.type=HelicopterOnly
Spot14.Coordinates=-170310.71875,47426.27734375
Spot14.DCSID=1
Spot14.type=HelicopterOnly

