[Airbase]
ATC=250.00/124.35
Coalition=Blue
Coordinates=883.880859375,128.69967651367
DCSID=10
Elevation=14
Flags=NearWater
ILS=RWY 19/110.30/194˚
Name=Khasab
Runways=01-19
TACAN=-

[RunwaySpawns]
Spot1.Coordinates=-1330.6003417969,-455.00823974609
Spot1.DCSID=13
Spot2.Coordinates=891.14660644531,99.592819213867
Spot2.DCSID=12

[Parking]
Spot1.Coordinates=-673.22119140625,-522.01123046875
Spot1.DCSID=11
Spot1.Type=OpenAirSpawn
Spot2.Coordinates=-714.90942382813,-530.10400390625
Spot2.DCSID=10
Spot2.Type=AirplaneOnly
Spot3.Coordinates=-740.30584716797,-535.81024169922
Spot3.DCSID=9
Spot3.Type=AirplaneOnly
Spot4.Coordinates=-763.80834960938,-541.49548339844
Spot4.DCSID=8
Spot4.Type=AirplaneOnly
Spot5.Coordinates=-787.23937988281,-547.58770751953
Spot5.DCSID=7
Spot5.Type=AirplaneOnly
Spot6.Coordinates=-876.40319824219,-567.68103027344
Spot6.DCSID=6
Spot6.Type=OpenAirSpawn
Spot7.Coordinates=-899.84790039063,-573.57952880859
Spot7.DCSID=5
Spot7.Type=AirplaneOnly
Spot8.Coordinates=-923.39343261719,-579.32574462891
Spot8.DCSID=4
Spot8.Type=OpenAirSpawn
Spot9.Coordinates=-946.86694335938,-585.11224365234
Spot9.DCSID=3
Spot9.Type=AirplaneOnly
Spot10.Coordinates=-970.39038085938,-590.92138671875
Spot10.DCSID=2
Spot10.Type=OpenAirSpawn
Spot11.Coordinates=-993.78546142578,-596.85540771484
Spot11.DCSID=1
Spot11.Type=AirplaneOnly
Spot12.Coordinates=-1017.2598266602,-602.64483642578
Spot12.DCSID=0
Spot12.Type=OpenAirSpawn
