[Airbase]
Theater=Syria
ATC=250.700/120.600
Coalition=Red
Coordinates=163810.53125,106685.16796875
DCSID=26
Elevation=492
Flags=Military
ILS=-
Name=Minakh
Runways=10-28
TACAN=-

[Parking]
Spot1.Coordinates=164248.9375,107324.34375
Spot1.DCSID=23
Spot1.Type=HelicopterOnly
Spot2.Coordinates=164255.453125,107237.40625
Spot2.DCSID=22
Spot2.Type=HelicopterOnly
Spot3.Coordinates=164225.234375,107165.0859375
Spot3.DCSID=21
Spot3.Type=HelicopterOnly
Spot4.Coordinates=164161.640625,107118.5390625
Spot4.DCSID=20
Spot4.Type=HelicopterOnly
Spot5.Coordinates=164090.359375,107040.0625
Spot5.DCSID=19
Spot5.Type=HelicopterOnly
Spot6.Coordinates=164059,106980.1875
Spot6.DCSID=18
Spot6.Type=HelicopterOnly
Spot7.Coordinates=164045.59375,106890.5859375
Spot7.DCSID=17
Spot7.Type=HelicopterOnly
Spot8.Coordinates=163994.65625,106824.8671875
Spot8.DCSID=16
Spot8.Type=HelicopterOnly
Spot9.Coordinates=163788.203125,107747.953125
Spot9.DCSID=15
Spot9.Type=HardenedAirShelter
Spot10.Coordinates=163979.53125,107607.1875
Spot10.DCSID=14
Spot10.Type=HardenedAirShelter
Spot11.Coordinates=164209.640625,107547.2265625
Spot11.DCSID=13
Spot11.Type=HardenedAirShelter
Spot12.Coordinates=164023.671875,107455.234375
Spot12.DCSID=12
Spot12.Type=HardenedAirShelter
Spot13.Coordinates=163823.421875,107561.6640625
Spot13.DCSID=11
Spot13.Type=HardenedAirShelter
Spot14.Coordinates=163444.09375,107322.8359375
Spot14.DCSID=10
Spot14.Type=OpenAirSpawn
Spot15.Coordinates=163443.890625,107297.15625
Spot15.DCSID=9
Spot15.Type=OpenAirSpawn
Spot16.Coordinates=163443.390625,107271.015625
Spot16.DCSID=8
Spot16.Type=OpenAirSpawn
Spot17.Coordinates=163442.640625,107245.7890625
Spot17.DCSID=7
Spot17.Type=OpenAirSpawn
Spot18.Coordinates=163441.953125,107221.609375
Spot18.DCSID=6
Spot18.Type=OpenAirSpawn
Spot19.Coordinates=163441.5625,107195.296875
Spot19.DCSID=5
Spot19.Type=OpenAirSpawn
Spot20.Coordinates=163441.59375,107169.1796875
Spot20.DCSID=4
Spot20.Type=OpenAirSpawn

