[Airbase]
Theater=Syria
ATC=251.500/122.900
Coalition=Red
Coordinates=-171741.5625,48159.203125
DCSID=8
Elevation=611
Flags=
ILS=-
Name=Marj as Sultan South
Runways=9-27
TACAN=-

[Parking]
Spot1.Coordinates=-171953.5625,48166.6171875
Spot1.DCSID=21
Spot1.Type=HelicopterOnly
Spot2.Coordinates=-171981.046875,48210.8515625
Spot2.DCSID=20
Spot2.Type=HelicopterOnly
Spot3.Coordinates=-172001.609375,48264.4140625
Spot3.DCSID=19
Spot3.Type=HelicopterOnly
Spot4.Coordinates=-171918.421875,48256.94921875
Spot4.DCSID=18
Spot4.Type=HelicopterOnly
Spot5.Coordinates=-171934.328125,48309.90625
Spot5.DCSID=17
Spot5.Type=HelicopterOnly
Spot6.Coordinates=-172074.390625,48100.44921875
Spot6.DCSID=16
Spot6.Type=HelicopterOnly
Spot7.Coordinates=-172016.921875,48085.01953125
Spot7.DCSID=15
Spot7.Type=HelicopterOnly
Spot8.Coordinates=-171956.9375,48100.26171875
Spot8.DCSID=14
Spot8.Type=HelicopterOnly
Spot9.Coordinates=-171904.359375,48083.8125
Spot9.DCSID=13
Spot9.Type=HelicopterOnly
Spot10.Coordinates=-171852.984375,48086.94921875
Spot10.DCSID=12
Spot10.Type=HelicopterOnly
Spot11.Coordinates=-171656.25,48179.6640625
Spot11.DCSID=11
Spot11.Type=HelicopterOnly
Spot12.Coordinates=-171646.5625,48235.890625
Spot12.DCSID=10
Spot12.Type=HelicopterOnly
Spot13.Coordinates=-171654.703125,48291.1796875
Spot13.DCSID=9
Spot13.Type=HelicopterOnly
Spot14.Coordinates=-171767,48305.7265625
Spot14.DCSID=8
Spot14.Type=HelicopterOnly
Spot15.Coordinates=-171767.15625,48195.12109375
Spot15.DCSID=7
Spot15.Type=HelicopterOnly
Spot16.Coordinates=-171779.828125,48248.85546875
Spot16.DCSID=6
Spot16.Type=HelicopterOnly
Spot17.Coordinates=-171773.296875,48102.4765625
Spot17.DCSID=5
Spot17.Type=HelicopterOnly
Spot18.Coordinates=-171771.4375,48372.2265625
Spot18.DCSID=4
Spot18.Type=HelicopterOnly
Spot19.Coordinates=-171651.875,48367.8515625
Spot19.DCSID=3
Spot19.Type=HelicopterOnly
Spot20.Coordinates=-171652.453125,48101.5703125
Spot20.DCSID=2
Spot20.Type=HelicopterOnly

