[Airbase]
Theater=Syria
ATC=251.400/118.900
Coalition=Red
Coordinates=-130242.5546875,-42336.796875
DCSID=6
Elevation=12
Flags=NearWater
ILS=109.50
Name=Beirut-Rafic Hariri
Runways=17-35
TACAN=-

[RunwaySpawns]
Spot1.Coordinates=-130177.0234375,-43060.8515625
Spot1.DCSID=5
Spot2.Coordinates=-130243.1484375,-42366.7890625
Spot2.DCSID=4
Spot3.Coordinates=-133007.34375,-42505.0234375
Spot3.DCSID=3
Spot4.Coordinates=-133961.140625,-42658.1484375
Spot4.DCSID=2
Spot5.Coordinates=-131599.578125,-41016.12109375
Spot5.DCSID=1
Spot6.Coordinates=-132391.984375,-42324.18359375
Spot6.DCSID=0

[Parking]
Spot1.Coordinates=-131401.5625,-42036.42578125
Spot1.DCSID=31
Spot1.type=OpenAirSpawn
Spot2.Coordinates=-131503.71875,-42034.796875
Spot2.DCSID=30
Spot2.type=OpenAirSpawn
Spot3.Coordinates=-131560.203125,-42013.70703125
Spot3.DCSID=29
Spot3.type=OpenAirSpawn
Spot4.Coordinates=-131795.859375,-41833.421875
Spot4.DCSID=28
Spot4.type=OpenAirSpawn
Spot5.Coordinates=-131854.421875,-41845.8359375
Spot5.DCSID=27
Spot5.type=OpenAirSpawn
Spot6.Coordinates=-131897.265625,-41780.69140625
Spot6.DCSID=26
Spot6.type=OpenAirSpawn
Spot7.Coordinates=-131693.34375,-41804.6875
Spot7.DCSID=25
Spot7.type=OpenAirSpawn
Spot8.Coordinates=-131742.9375,-41821.390625
Spot8.DCSID=24
Spot8.type=OpenAirSpawn
Spot9.Coordinates=-131767.28125,-41928.2265625
Spot9.DCSID=23
Spot9.type=OpenAirSpawn
Spot10.Coordinates=-131710.78125,-41915.5
Spot10.DCSID=22
Spot10.type=OpenAirSpawn
Spot11.Coordinates=-131656.328125,-41899.69921875
Spot11.DCSID=21
Spot11.type=OpenAirSpawn
Spot12.Coordinates=-131735.359375,-41686.7890625
Spot12.DCSID=20
Spot12.type=OpenAirSpawn
Spot13.Coordinates=-131680.46875,-41639.41015625
Spot13.DCSID=19
Spot13.type=OpenAirSpawn
Spot14.Coordinates=-131453.953125,-42037.29296875
Spot14.DCSID=18
Spot14.type=OpenAirSpawn
Spot15.Coordinates=-131617.765625,-41581.7890625
Spot15.DCSID=17
Spot15.type=OpenAirSpawn
Spot16.Coordinates=-131548.953125,-41528.5546875
Spot16.DCSID=16
Spot16.type=OpenAirSpawn
Spot17.Coordinates=-131786.15625,-41706.84765625
Spot17.DCSID=15
Spot17.type=OpenAirSpawn
Spot18.Coordinates=-131831.9375,-41725.24609375
Spot18.DCSID=14
Spot18.type=OpenAirSpawn
Spot19.Coordinates=-131819.109375,-41943.58203125
Spot19.DCSID=13
Spot19.type=OpenAirSpawn
Spot20.Coordinates=-132040.0,-41896.47265625
Spot20.DCSID=12
Spot20.type=OpenAirSpawn
Spot21.Coordinates=-132024.828125,-41972.0703125
Spot21.DCSID=11
Spot21.type=OpenAirSpawn
Spot22.Coordinates=-132011.625,-42049.71484375
Spot22.DCSID=10
Spot22.type=OpenAirSpawn
Spot23.Coordinates=-131847.125,-42003.70703125
Spot23.DCSID=9
Spot23.type=OpenAirSpawn
Spot24.Coordinates=-131752.8125,-42050.93359375
Spot24.DCSID=8
Spot24.type=OpenAirSpawn
Spot25.Coordinates=-131703.375,-42038.7265625
Spot25.DCSID=7
Spot25.type=OpenAirSpawn
Spot26.Coordinates=-131635.515625,-42029.65234375
Spot26.DCSID=6
Spot26.type=OpenAirSpawn

