[Airbase]
Theater=Syria
ATC=250.750/119.100
Coalition=Red
Coordinates=125716.3125,121813.08984375
DCSID=27
Elevation=382
Flags=Military
ILS=-
Name=Aleppo
Runways=2-27
TACAN=-

[RunwaySpawns]
Spot1.Coordinates=125346.359375,124325.80859375
Spot1.DCSID=5
Spot2.Coordinates=125686.5859375,121809.07421875
Spot2.DCSID=3

[Parking]
Spot1.Coordinates=125348.8984375,122783.82421875
Spot1.DCSID=23
Spot1.type=HelicopterOnly
Spot2.Coordinates=125355.71875,122735.27734375
Spot2.DCSID=22
Spot2.type=HelicopterOnly
Spot3.Coordinates=125362.375,122686.69921875
Spot3.DCSID=21
Spot3.type=HelicopterOnly
Spot4.Coordinates=125244.6796875,122770.16015625
Spot4.DCSID=20
Spot4.type=HelicopterOnly
Spot5.Coordinates=125250.703125,122721.47265625
Spot5.DCSID=19
Spot5.type=HelicopterOnly
Spot6.Coordinates=125257.796875,122672.87890625
Spot6.DCSID=18
Spot6.type=HelicopterOnly
Spot7.Coordinates=125150.7734375,124570.41796875
Spot7.DCSID=17
Spot7.type=AirplaneOnly
Spot8.Coordinates=125159.4296875,124397.91796875
Spot8.DCSID=16
Spot8.type=AirplaneOnly
Spot9.Coordinates=125900.25,123191.50390625
Spot9.DCSID=15
Spot9.type=OpenAirSpawn
Spot10.Coordinates=125864.3828125,123233.51953125
Spot10.DCSID=14
Spot10.type=OpenAirSpawn
Spot11.Coordinates=125848.1953125,123396.33984375
Spot11.DCSID=13
Spot11.type=OpenAirSpawn
Spot12.Coordinates=125852.703125,123449.41796875
Spot12.DCSID=12
Spot12.type=OpenAirSpawn
Spot13.Coordinates=125772.703125,123551.28515625
Spot13.DCSID=11
Spot13.type=OpenAirSpawn
Spot14.Coordinates=125842.578125,123563.06640625
Spot14.DCSID=10
Spot14.type=OpenAirSpawn
Spot15.Coordinates=125844.2421875,123348.59765625
Spot15.DCSID=9
Spot15.type=OpenAirSpawn
Spot16.Coordinates=125877.3984375,123308.12890625
Spot16.DCSID=8
Spot16.type=OpenAirSpawn
Spot17.Coordinates=125264.328125,122623.77734375
Spot17.DCSID=7
Spot17.type=HelicopterOnly
Spot18.Coordinates=125369.2734375,122638.16015625
Spot18.DCSID=6
Spot18.type=HelicopterOnly
Spot19.Coordinates=125162.953125,124367.30078125
Spot19.DCSID=4
Spot19.type=AirplaneOnly
Spot20.Coordinates=125191.921875,124209.20703125
Spot20.DCSID=2
Spot20.type=AirplaneOnly
Spot21.Coordinates=125202.3125,124097.13671875
Spot21.DCSID=1
Spot21.type=AirplaneOnly
Spot22.Coordinates=125066.4375,124787.23046875
Spot22.DCSID=0
Spot22.type=AirplaneOnly

