[Airbase]
Theater=Syria
ATC=252.200/122.400
Coalition=Red
Coordinates=-258434.929688,40368.677734
DCSID=5
Elevation=773
Flags=
ILS=-
Name=Thalah
Runways=5-23
TACAN=-

[Parking]
Spot1.Coordinates=-258763.078125,38944.22265625
Spot1.DCSID=17
Spot1.Type=AirplaneOnly
Spot2.Coordinates=-258795.296875,38934.54296875
Spot2.DCSID=16
Spot2.Type=AirplaneOnly
Spot3.Coordinates=-257669.46875,41949.765625
Spot3.DCSID=15
Spot3.Type=AirplaneOnly
Spot4.Coordinates=-257638.03125,41946.18359375
Spot4.DCSID=14
Spot4.Type=AirplaneOnly
Spot5.Coordinates=-257847.5625,41656.10546875
Spot5.DCSID=13
Spot5.Type=AirplaneOnly
Spot6.Coordinates=-257816.703125,41666.7578125
Spot6.DCSID=12
Spot6.Type=AirplaneOnly
Spot7.Coordinates=-257270.375,41328.53125
Spot7.DCSID=11
Spot7.Type=AirplaneOnly
Spot8.Coordinates=-257264.21875,41296.27734375
Spot8.DCSID=10
Spot8.Type=AirplaneOnly
Spot9.Coordinates=-257099.953125,41608.08203125
Spot9.DCSID=9
Spot9.Type=AirplaneOnly
Spot10.Coordinates=-257082.09375,41580.37109375
Spot10.DCSID=8
Spot10.Type=AirplaneOnly
Spot11.Coordinates=-259510.15625,38984.02734375
Spot11.DCSID=7
Spot11.Type=AirplaneOnly
Spot12.Coordinates=-258970.984375,38643.08203125
Spot12.DCSID=6
Spot12.Type=AirplaneOnly
Spot13.Coordinates=-258937.34375,38642.08203125
Spot13.DCSID=5
Spot13.Type=AirplaneOnly
Spot14.Coordinates=-259343.390625,39296.48046875
Spot14.DCSID=4
Spot14.Type=AirplaneOnly
Spot15.Coordinates=-259335.203125,39263.2421875
Spot15.DCSID=3
Spot15.Type=AirplaneOnly
Spot16.Coordinates=-259523.375,39014.5
Spot16.DCSID=2
Spot16.Type=AirplaneOnly

