[Airbase]
Theater=Syria
ATC=251.000/120.500
Coalition=Red
Coordinates=125973.7265625,154204.90234375
DCSID=31
Elevation=366
Flags=Military
ILS=-
Name=Kuweires
Runways=10-28
RunwayLengthFt=6662
TACAN=-

[Parking]
Spot1.Coordinates=126275.84375,154017.4375
Spot1.DCSID=38
Spot1.Type=HardenedAirShelter
Spot2.Coordinates=126242.4140625,154137.96875
Spot2.DCSID=37
Spot2.Type=HardenedAirShelter
Spot3.Coordinates=126182.2421875,154301.9375
Spot3.DCSID=36
Spot3.Type=HardenedAirShelter
Spot4.Coordinates=126128.96875,154563.75
Spot4.DCSID=35
Spot4.Type=HardenedAirShelter
Spot5.Coordinates=126338.3984375,154689.5625
Spot5.DCSID=34
Spot5.Type=HardenedAirShelter
Spot6.Coordinates=126393.15625,155059.515625
Spot6.DCSID=33
Spot6.Type=HardenedAirShelter
Spot7.Coordinates=125922.671875,156113.546875
Spot7.DCSID=32
Spot7.Type=HardenedAirShelter
Spot8.Coordinates=125792.4375,156752.140625
Spot8.DCSID=31
Spot8.Type=HardenedAirShelter
Spot9.Coordinates=125679.140625,156731.375
Spot9.DCSID=30
Spot9.Type=HardenedAirShelter
Spot10.Coordinates=125226.9375,156585.71875
Spot10.DCSID=29
Spot10.Type=AirplaneOnly
Spot11.Coordinates=125225.8125,156555.96875
Spot11.DCSID=28
Spot11.Type=AirplaneOnly
Spot12.Coordinates=125959.3984375,154072.71875
Spot12.DCSID=27
Spot12.Type=OpenAirSpawn
Spot13.Coordinates=125941.09375,154069.296875
Spot13.DCSID=26
Spot13.Type=OpenAirSpawn
Spot14.Coordinates=125923.171875,154066.25
Spot14.DCSID=25
Spot14.Type=OpenAirSpawn
Spot15.Coordinates=125904.7578125,154062.578125
Spot15.DCSID=24
Spot15.Type=OpenAirSpawn
Spot16.Coordinates=125887.0234375,154058.84375
Spot16.DCSID=23
Spot16.Type=OpenAirSpawn
Spot17.Coordinates=125868.921875,154054.40625
Spot17.DCSID=22
Spot17.Type=OpenAirSpawn
Spot18.Coordinates=125481.0625,154646.59375
Spot18.DCSID=21
Spot18.Type=OpenAirSpawn
Spot19.Coordinates=125475.7734375,154673.6875
Spot19.DCSID=20
Spot19.Type=OpenAirSpawn
Spot20.Coordinates=125460.0859375,154755.1875
Spot20.DCSID=19
Spot20.Type=OpenAirSpawn
Spot21.Coordinates=125465.4296875,154728.03125
Spot21.DCSID=18
Spot21.Type=OpenAirSpawn
Spot22.Coordinates=125470.640625,154700.9375
Spot22.DCSID=17
Spot22.Type=OpenAirSpawn
Spot23.Coordinates=125444.171875,154836.71875
Spot23.DCSID=16
Spot23.Type=OpenAirSpawn
Spot24.Coordinates=125449.40625,154809.4375
Spot24.DCSID=15
Spot24.Type=OpenAirSpawn
Spot25.Coordinates=125454.75,154782.40625
Spot25.DCSID=14
Spot25.Type=OpenAirSpawn
Spot26.Coordinates=125433.6484375,154890.953125
Spot26.DCSID=13
Spot26.Type=OpenAirSpawn
Spot27.Coordinates=125438.953125,154863.765625
Spot27.DCSID=12
Spot27.Type=OpenAirSpawn
Spot28.Coordinates=125486.3984375,154619.40625
Spot28.DCSID=11
Spot28.Type=OpenAirSpawn
Spot29.Coordinates=125491.609375,154592.265625
Spot29.DCSID=10
Spot29.Type=OpenAirSpawn
Spot30.Coordinates=125496.78125,154565.234375
Spot30.DCSID=9
Spot30.Type=OpenAirSpawn
Spot31.Coordinates=125502.1328125,154537.90625
Spot31.DCSID=8
Spot31.Type=OpenAirSpawn
Spot32.Coordinates=125507.5078125,154510.890625
Spot32.DCSID=7
Spot32.Type=OpenAirSpawn
Spot33.Coordinates=125512.703125,154483.703125
Spot33.DCSID=6
Spot33.Type=OpenAirSpawn
Spot34.Coordinates=125518.0078125,154456.515625
Spot34.DCSID=5
Spot34.Type=OpenAirSpawn
Spot35.Coordinates=125523.1640625,154429.421875
Spot35.DCSID=4
Spot35.Type=OpenAirSpawn
Spot36.Coordinates=125528.4296875,154402.171875
Spot36.DCSID=3
Spot36.Type=OpenAirSpawn
Spot37.Coordinates=125533.8359375,154375.15625
Spot37.DCSID=2
Spot37.Type=OpenAirSpawn

