[Airbase]
Theater=Syria
ATC=250.350/122.200
Coalition=Red
Coordinates=75869.3828125,112612.46484375
DCSID=1
Elevation=250
Flags=Military
ILS=-
Name=Abu al-Duhur
Runways=27-09
TACAN=-

[Parking]
Spot1.Coordinates=76293.3046875,113035.640625
Spot1.DCSID=37
Spot1.Type=HardenedAirShelter
Spot2.Coordinates=76437.9453125,113020.0859375
Spot2.DCSID=36
Spot2.Type=HardenedAirShelter
Spot3.Coordinates=76307.375,112894.4765625
Spot3.DCSID=35
Spot3.Type=AirplaneOnly
Spot4.Coordinates=76308.984375,112864.46875
Spot4.DCSID=34
Spot4.Type=AirplaneOnly
Spot5.Coordinates=76358.4140625,112659.1484375
Spot5.DCSID=33
Spot5.Type=AirplaneOnly
Spot6.Coordinates=76338.578125,112682.484375
Spot6.DCSID=32
Spot6.Type=AirplaneOnly
Spot7.Coordinates=75761.453125,112869.125
Spot7.DCSID=31
Spot7.Type=AirplaneOnly
Spot8.Coordinates=75780.125,112892.0390625
Spot8.DCSID=30
Spot8.Type=AirplaneOnly
Spot9.Coordinates=75771.4453125,113096.8046875
Spot9.DCSID=29
Spot9.Type=AirplaneOnly
Spot10.Coordinates=75745.9296875,113080.5625
Spot10.DCSID=28
Spot10.Type=AirplaneOnly
Spot11.Coordinates=75527.59375,113285.515625
Spot11.DCSID=27
Spot11.Type=HardenedAirShelter
Spot12.Coordinates=75492.9453125,113106.21875
Spot12.DCSID=26
Spot12.Type=HardenedAirShelter
Spot13.Coordinates=76616.0625,109895.9296875
Spot13.DCSID=25
Spot13.Type=HardenedAirShelter
Spot14.Coordinates=76508.8671875,110095.625
Spot14.DCSID=24
Spot14.Type=AirplaneOnly
Spot15.Coordinates=76490.6953125,110072.265625
Spot15.DCSID=23
Spot15.Type=AirplaneOnly
Spot16.Coordinates=76501.0859375,109760.703125
Spot16.DCSID=22
Spot16.Type=HardenedAirShelter
Spot17.Coordinates=75787.90625,109793.015625
Spot17.DCSID=21
Spot17.Type=AirplaneOnly
Spot18.Coordinates=75803.5078125,109767.09375
Spot18.DCSID=20
Spot18.Type=AirplaneOnly
Spot19.Coordinates=75991.09375,109711.640625
Spot19.DCSID=19
Spot19.Type=AirplaneOnly
Spot20.Coordinates=75966.7890625,109730.6171875
Spot20.DCSID=18
Spot20.Type=AirplaneOnly
Spot21.Coordinates=76424.5234375,110237.8515625
Spot21.DCSID=17
Spot21.Type=OpenAirSpawn
Spot22.Coordinates=76422.5078125,110268.7109375
Spot22.DCSID=16
Spot22.Type=OpenAirSpawn
Spot23.Coordinates=76420.359375,110301.1015625
Spot23.DCSID=15
Spot23.Type=OpenAirSpawn
Spot24.Coordinates=76418.4140625,110331.859375
Spot24.DCSID=14
Spot24.Type=OpenAirSpawn
Spot25.Coordinates=76416.4609375,110362.796875
Spot25.DCSID=13
Spot25.Type=OpenAirSpawn
Spot26.Coordinates=76414.28125,110395.2109375
Spot26.DCSID=12
Spot26.Type=OpenAirSpawn
Spot27.Coordinates=76411.3984375,110436.765625
Spot27.DCSID=11
Spot27.Type=OpenAirSpawn
Spot28.Coordinates=76409.6328125,110467.5703125
Spot28.DCSID=10
Spot28.Type=OpenAirSpawn
Spot29.Coordinates=76406.9296875,110499.9375
Spot29.DCSID=9
Spot29.Type=OpenAirSpawn
Spot30.Coordinates=76404.890625,110536.2734375
Spot30.DCSID=8
Spot30.Type=OpenAirSpawn
Spot31.Coordinates=76402.859375,110567.171875
Spot31.DCSID=7
Spot31.Type=OpenAirSpawn
Spot32.Coordinates=76400.609375,110599.65625
Spot32.DCSID=6
Spot32.Type=OpenAirSpawn
Spot33.Coordinates=76284.1953125,112705.6796875
Spot33.DCSID=5
Spot33.Type=OpenAirSpawn
Spot34.Coordinates=76282.2890625,112736.3046875
Spot34.DCSID=4
Spot34.Type=OpenAirSpawn
Spot35.Coordinates=76280.484375,112763.25
Spot35.DCSID=3
Spot35.Type=OpenAirSpawn
Spot36.Coordinates=76278.421875,112793.0546875
Spot36.DCSID=2
Spot36.Type=OpenAirSpawn

