[Airbase]
Theater=Syria
ATC=250.350/122.200
Coalition=Red
Coordinates=75869.3828125,112612.46484375
DCSID=1
Elevation=250
Flags=Military
ILS=-
Name=Abu al-Duhur
Runways=27-09
TACAN=-

[RunwaySpawns]
Spot1.Coordinates=76077.8203125,109959.64453125
Spot1.DCSID=1
Spot2.Coordinates=75899.3125,112614.48046875
Spot2.DCSID=0

[Parking]
Spot1.Coordinates=76232.9140625,112977.77734375
Spot1.DCSID=37
Spot1.type=AirplaneOnly
Spot2.Coordinates=76377.5546875,112962.22265625
Spot2.DCSID=36
Spot2.type=AirplaneOnly
Spot3.Coordinates=76246.984375,112836.61328125
Spot3.DCSID=35
Spot3.type=AirplaneOnly
Spot4.Coordinates=76248.59375,112806.60546875
Spot4.DCSID=34
Spot4.type=AirplaneOnly
Spot5.Coordinates=76298.0234375,112601.28515625
Spot5.DCSID=33
Spot5.type=AirplaneOnly
Spot6.Coordinates=76278.1875,112624.62109375
Spot6.DCSID=32
Spot6.type=AirplaneOnly
Spot7.Coordinates=75701.0625,112811.26171875
Spot7.DCSID=31
Spot7.type=AirplaneOnly
Spot8.Coordinates=75719.734375,112834.17578125
Spot8.DCSID=30
Spot8.type=AirplaneOnly
Spot9.Coordinates=75711.0546875,113038.94140625
Spot9.DCSID=29
Spot9.type=AirplaneOnly
Spot10.Coordinates=75685.5390625,113022.69921875
Spot10.DCSID=28
Spot10.type=AirplaneOnly
Spot11.Coordinates=75467.203125,113227.65234375
Spot11.DCSID=27
Spot11.type=AirplaneOnly
Spot12.Coordinates=75432.5546875,113048.35546875
Spot12.DCSID=26
Spot12.type=AirplaneOnly
Spot13.Coordinates=76555.671875,109838.06640625
Spot13.DCSID=25
Spot13.type=AirplaneOnly
Spot14.Coordinates=76448.4765625,110037.76171875
Spot14.DCSID=24
Spot14.type=AirplaneOnly
Spot15.Coordinates=76430.3046875,110014.40234375
Spot15.DCSID=23
Spot15.type=AirplaneOnly
Spot16.Coordinates=76440.6953125,109702.83984375
Spot16.DCSID=22
Spot16.type=AirplaneOnly
Spot17.Coordinates=75727.515625,109735.15234375
Spot17.DCSID=21
Spot17.type=AirplaneOnly
Spot18.Coordinates=75743.1171875,109709.23046875
Spot18.DCSID=20
Spot18.type=AirplaneOnly
Spot19.Coordinates=75930.703125,109653.77734375
Spot19.DCSID=19
Spot19.type=AirplaneOnly
Spot20.Coordinates=75906.3984375,109672.75390625
Spot20.DCSID=18
Spot20.type=AirplaneOnly
Spot21.Coordinates=76364.1328125,110179.98828125
Spot21.DCSID=17
Spot21.type=OpenAirSpawn
Spot22.Coordinates=76362.1171875,110210.84765625
Spot22.DCSID=16
Spot22.type=OpenAirSpawn
Spot23.Coordinates=76359.96875,110243.23828125
Spot23.DCSID=15
Spot23.type=OpenAirSpawn
Spot24.Coordinates=76358.0234375,110273.99609375
Spot24.DCSID=14
Spot24.type=OpenAirSpawn
Spot25.Coordinates=76356.0703125,110304.93359375
Spot25.DCSID=13
Spot25.type=OpenAirSpawn
Spot26.Coordinates=76353.890625,110337.34765625
Spot26.DCSID=12
Spot26.type=OpenAirSpawn
Spot27.Coordinates=76351.0078125,110378.90234375
Spot27.DCSID=11
Spot27.type=OpenAirSpawn
Spot28.Coordinates=76349.2421875,110409.70703125
Spot28.DCSID=10
Spot28.type=OpenAirSpawn
Spot29.Coordinates=76346.5390625,110442.07421875
Spot29.DCSID=9
Spot29.type=OpenAirSpawn
Spot30.Coordinates=76344.5,110478.41015625
Spot30.DCSID=8
Spot30.type=OpenAirSpawn
Spot31.Coordinates=76342.46875,110509.30859375
Spot31.DCSID=7
Spot31.type=OpenAirSpawn
Spot32.Coordinates=76340.21875,110541.79296875
Spot32.DCSID=6
Spot32.type=OpenAirSpawn
Spot33.Coordinates=76223.8046875,112647.81640625
Spot33.DCSID=5
Spot33.type=OpenAirSpawn
Spot34.Coordinates=76221.8984375,112678.44140625
Spot34.DCSID=4
Spot34.type=OpenAirSpawn
Spot35.Coordinates=76220.09375,112705.38671875
Spot35.DCSID=3
Spot35.type=OpenAirSpawn
Spot36.Coordinates=76218.03125,112735.19140625
Spot36.DCSID=2
Spot36.type=OpenAirSpawn

