[Airbase]
Theater=Syria
ATC=251.700/118.100
Coalition=Red
Coordinates=26151.638671875,388436.53125
DCSID=42
Elevation=204
Flags=
ILS=-
Name=Deir ez-Zor
Runways=28-10
RunwayLengthFt=9338
TACAN=-

[Parking]
Spot1.Coordinates=26151.638671875,388436.53125
Spot1.DCSID=17
Spot1.Type=AirplaneOnly
Spot2.Coordinates=26161.212890625,388408.1875
Spot2.DCSID=16
Spot2.Type=AirplaneOnly
Spot3.Coordinates=25180.16015625,391290.1875
Spot3.DCSID=15
Spot3.Type=AirplaneOnly
Spot4.Coordinates=25206.853515625,391276.21875
Spot4.DCSID=14
Spot4.Type=AirplaneOnly
Spot5.Coordinates=25165.837890625,391211.78125
Spot5.DCSID=13
Spot5.Type=OpenAirSpawn
Spot6.Coordinates=25171.083984375,391196.65625
Spot6.DCSID=12
Spot6.Type=OpenAirSpawn
Spot7.Coordinates=25176.703125,391180.4375
Spot7.DCSID=11
Spot7.Type=OpenAirSpawn
Spot8.Coordinates=25182.232421875,391164.5625
Spot8.DCSID=10
Spot8.Type=OpenAirSpawn
Spot9.Coordinates=25187.35546875,391149.5625
Spot9.DCSID=9
Spot9.Type=OpenAirSpawn
Spot10.Coordinates=25192.853515625,391134.03125
Spot10.DCSID=8
Spot10.Type=OpenAirSpawn
Spot11.Coordinates=25198.212890625,391118.4375
Spot11.DCSID=7
Spot11.Type=OpenAirSpawn
Spot12.Coordinates=25701.109375,390548.90625
Spot12.DCSID=6
Spot12.Type=OpenAirSpawn
Spot15.Coordinates=25648.478515625,390531
Spot15.DCSID=3
Spot15.Type=OpenAirSpawn
Spot16.Coordinates=25566.087890625,390685.46875
Spot16.DCSID=2
Spot16.Type=OpenAirSpawn
Spot17.Coordinates=25635.443359375,390708.84375
Spot17.DCSID=1
Spot17.Type=OpenAirSpawn
Spot18.Coordinates=25592.66796875,390510.75
Spot18.DCSID=0
Spot18.Type=OpenAirSpawn

