[Airbase]
Theater=Syria
ATC=127.800
Coalition=Blue
Coordinates=-242199.40625,-87883.15234375
DCSID=13
Elevation=6
Flags=NearWater
ILS=-
Name=Haifa
Runways=16-34
TACAN=-

[RunwaySpawns]
Spot1.Coordinates=-243153.953125,-87612.80859375
Spot1.DCSID=9
Spot2.Coordinates=-242208.453125,-87911.75390625
Spot2.DCSID=8

[Parking]
Spot1.Coordinates=-242340.109375,-87960.13671875
Spot1.DCSID=17
Spot1.type=OpenAirSpawn
Spot2.Coordinates=-242388.71875,-87341.80859375
Spot2.DCSID=16
Spot2.type=OpenAirSpawn
Spot3.Coordinates=-242408.078125,-87403.48046875
Spot3.DCSID=15
Spot3.type=OpenAirSpawn
Spot4.Coordinates=-242425.46875,-87457.19921875
Spot4.DCSID=14
Spot4.type=OpenAirSpawn
Spot5.Coordinates=-242443.0625,-87513.52734375
Spot5.DCSID=13
Spot5.type=OpenAirSpawn
Spot6.Coordinates=-242462.390625,-87574.48046875
Spot6.DCSID=12
Spot6.type=OpenAirSpawn
Spot7.Coordinates=-242481.390625,-87634.73046875
Spot7.DCSID=11
Spot7.type=OpenAirSpawn
Spot8.Coordinates=-242498.546875,-87689.01171875
Spot8.DCSID=10
Spot8.type=OpenAirSpawn
Spot9.Coordinates=-242581.3125,-87987.73046875
Spot9.DCSID=7
Spot9.type=OpenAirSpawn
Spot10.Coordinates=-242593.703125,-88027.30078125
Spot10.DCSID=6
Spot10.type=OpenAirSpawn
Spot11.Coordinates=-242606.125,-88062.80078125
Spot11.DCSID=5
Spot11.type=OpenAirSpawn
Spot12.Coordinates=-242630.96875,-88119.91796875
Spot12.DCSID=4
Spot12.type=OpenAirSpawn
Spot13.Coordinates=-242386.71875,-87945.71484375
Spot13.DCSID=3
Spot13.type=OpenAirSpawn
Spot14.Coordinates=-242363.421875,-87952.33984375
Spot14.DCSID=2
Spot14.type=OpenAirSpawn
Spot15.Coordinates=-242316.84375,-87967.77734375
Spot15.DCSID=1
Spot15.type=OpenAirSpawn
Spot16.Coordinates=-242291.359375,-87975.88671875
Spot16.DCSID=0
Spot16.type=OpenAirSpawn

