[Airbase]
Theater=Syria
ATC=251.800/119.900
Coalition=Blue
Coordinates=-18696.34668,-314208.375
DCSID=46
Elevation=12
Flags=NearWater
ILS=RNY 29/108.90/294˚
Name=Paphos
Runways=11-29
TACAN=-

[Parking]
Spot1.Coordinates=-18914.673828125,-312700.5625
Spot1.DCSID=44
Spot1.Type=OpenAirSpawn
Spot2.Coordinates=-18950.16015625,-312716.375
Spot2.DCSID=43
Spot2.Type=OpenAirSpawn
Spot3.Coordinates=-18985.845703125,-312732.40625
Spot3.DCSID=42
Spot3.Type=OpenAirSpawn
Spot4.Coordinates=-19021.2578125,-312748.4375
Spot4.DCSID=41
Spot4.Type=OpenAirSpawn
Spot5.Coordinates=-18936.779296875,-312650.84375
Spot5.DCSID=40
Spot5.Type=OpenAirSpawn
Spot6.Coordinates=-18972.251953125,-312666.65625
Spot6.DCSID=39
Spot6.Type=OpenAirSpawn
Spot7.Coordinates=-19007.61328125,-312682.9375
Spot7.DCSID=38
Spot7.Type=OpenAirSpawn
Spot8.Coordinates=-19043.912109375,-312697.90625
Spot8.DCSID=37
Spot8.Type=OpenAirSpawn
Spot9.Coordinates=-19151.34765625,-314255.3125
Spot9.DCSID=36
Spot9.Type=OpenAirSpawn
Spot10.Coordinates=-19071.787109375,-314017.5625
Spot10.DCSID=35
Spot10.Type=OpenAirSpawn
Spot11.Coordinates=-19119.83203125,-314153.3125
Spot11.DCSID=34
Spot11.Type=OpenAirSpawn
Spot12.Coordinates=-19307.25,-314174.09375
Spot12.DCSID=33
Spot12.Type=OpenAirSpawn
Spot13.Coordinates=-19101.015625,-314609.5625
Spot13.DCSID=32
Spot13.Type=OpenAirSpawn
Spot14.Coordinates=-19200.6875,-314523.15625
Spot14.DCSID=31
Spot14.Type=OpenAirSpawn
Spot15.Coordinates=-19239.32421875,-314411.875
Spot15.DCSID=30
Spot15.Type=OpenAirSpawn
Spot16.Coordinates=-19285.03515625,-314309.96875
Spot16.DCSID=29
Spot16.Type=OpenAirSpawn
Spot17.Coordinates=-19278.923828125,-314099.0625
Spot17.DCSID=28
Spot17.Type=OpenAirSpawn
Spot18.Coordinates=-19242.21875,-314004.3125
Spot18.DCSID=27
Spot18.Type=OpenAirSpawn
Spot19.Coordinates=-19205.9375,-313910.0625
Spot19.DCSID=26
Spot19.Type=OpenAirSpawn
Spot20.Coordinates=-19177.86328125,-313836.65625
Spot20.DCSID=25
Spot20.Type=OpenAirSpawn
Spot21.Coordinates=-19186.84375,-313738.625
Spot21.DCSID=24
Spot21.Type=OpenAirSpawn
Spot22.Coordinates=-18987.009765625,-312803.6875
Spot22.DCSID=23
Spot22.Type=OpenAirSpawn
Spot23.Coordinates=-18970.025390625,-312796.34375
Spot23.DCSID=22
Spot23.Type=OpenAirSpawn
Spot24.Coordinates=-18953.400390625,-312788.84375
Spot24.DCSID=21
Spot24.Type=OpenAirSpawn
Spot25.Coordinates=-18936.056640625,-312781.40625
Spot25.DCSID=20
Spot25.Type=OpenAirSpawn
Spot26.Coordinates=-18877.330078125,-312826.625
Spot26.DCSID=19
Spot26.Type=UNKNOWN
Spot27.Coordinates=-18738.138671875,-312821.8125
Spot27.DCSID=18
Spot27.Type=UNKNOWN
Spot28.Coordinates=-18664.841796875,-312947.6875
Spot28.DCSID=17
Spot28.Type=UNKNOWN
Spot29.Coordinates=-18613.177734375,-313067.3125
Spot29.DCSID=16
Spot29.Type=UNKNOWN
Spot30.Coordinates=-18829.986328125,-312978.1875
Spot30.DCSID=15
Spot30.Type=UNKNOWN
Spot31.Coordinates=-18751.837890625,-313158.625
Spot31.DCSID=14
Spot31.Type=HardenedAirShelter
Spot32.Coordinates=-18593.2578125,-313483.5
Spot32.DCSID=13
Spot32.Type=OpenAirSpawn
Spot33.Coordinates=-18565.427734375,-313470.90625
Spot33.DCSID=12
Spot33.Type=OpenAirSpawn
Spot34.Coordinates=-18539.00390625,-313458.6875
Spot34.DCSID=11
Spot34.Type=OpenAirSpawn
Spot35.Coordinates=-18510.9296875,-313446.375
Spot35.DCSID=10
Spot35.Type=OpenAirSpawn
Spot36.Coordinates=-18623.134765625,-313416
Spot36.DCSID=9
Spot36.Type=OpenAirSpawn
Spot37.Coordinates=-18595.5078125,-313403.625
Spot37.DCSID=8
Spot37.Type=OpenAirSpawn
Spot38.Coordinates=-18568.51953125,-313391.96875
Spot38.DCSID=7
Spot38.Type=OpenAirSpawn
Spot39.Coordinates=-18540.3671875,-313379.8125
Spot39.DCSID=6
Spot39.Type=OpenAirSpawn
Spot40.Coordinates=-18512.640625,-313366.65625
Spot40.DCSID=5
Spot40.Type=OpenAirSpawn
Spot41.Coordinates=-18448.640625,-313526.8125
Spot41.DCSID=4
Spot41.Type=HelicopterOnly
Spot42.Coordinates=-18484.078125,-313542.875
Spot42.DCSID=3
Spot42.Type=HelicopterOnly
Spot43.Coordinates=-18519.71875,-313559.09375
Spot43.DCSID=2
Spot43.Type=HelicopterOnly

