[Airbase]
Theater=Syria
ATC=250.850/122.600
Coalition=Red
Coordinates=-174671.0625,37084.8125
DCSID=29
Elevation=650
Flags=Military
ILS=-
Name=Qabr as Sitt
Runways=5-23
TACAN=-

[RunwaySpawns]
Spot1.Coordinates=-174696.734375,37100.34375
Spot1.DCSID=1
Spot2.Coordinates=-174619.578125,37227.87109375
Spot2.DCSID=0

[Parking]
Spot1.Coordinates=-174696.484375,36976.09765625
Spot1.DCSID=10
Spot1.Type=HelicopterOnly
Spot2.Coordinates=-174687.40625,36923.49609375
Spot2.DCSID=9
Spot2.Type=HelicopterOnly
Spot3.Coordinates=-174613.515625,36931.5703125
Spot3.DCSID=8
Spot3.Type=HelicopterOnly
Spot4.Coordinates=-174594.734375,37010.1796875
Spot4.DCSID=7
Spot4.Type=HelicopterOnly
Spot5.Coordinates=-174554.1875,37144.2578125
Spot5.DCSID=6
Spot5.Type=HelicopterOnly
Spot6.Coordinates=-174632.515625,37351.5859375
Spot6.DCSID=5
Spot6.Type=HelicopterOnly
Spot7.Coordinates=-174772.328125,37178.52734375
Spot7.DCSID=4
Spot7.Type=HelicopterOnly
Spot8.Coordinates=-174790.359375,37120.33203125
Spot8.DCSID=3
Spot8.Type=HelicopterOnly
Spot9.Coordinates=-174812.46875,37036.6640625
Spot9.DCSID=2
Spot9.Type=HelicopterOnly

