[Airbase]
Theater=Syria
ATC=250.900/121.100
Coalition=Blue
Coordinates=220078.640625,-47350.75
DCSID=2
Elevation=17
Flags=
ILS=108.70
Name=Adana Sakirpasa
Runways=23*-5
TACAN=-

[Parking]
Spot1.Coordinates=219730.96875,-46882.54296875
Spot1.DCSID=40
Spot1.Type=OpenAirSpawn
Spot2.Coordinates=219518.03125,-47376.15625
Spot2.DCSID=39
Spot2.Type=OpenAirSpawn
Spot3.Coordinates=219772.828125,-46873.66015625
Spot3.DCSID=38
Spot3.Type=OpenAirSpawn
Spot4.Coordinates=220403.75,-47455.86328125
Spot4.DCSID=37
Spot4.Type=OpenAirSpawn
Spot5.Coordinates=220393.765625,-47470.8515625
Spot5.DCSID=36
Spot5.Type=OpenAirSpawn
Spot6.Coordinates=220383.46875,-47485.43359375
Spot6.DCSID=35
Spot6.Type=OpenAirSpawn
Spot7.Coordinates=220373.03125,-47500.5546875
Spot7.DCSID=34
Spot7.Type=OpenAirSpawn
Spot8.Coordinates=220361.71875,-47514.6796875
Spot8.DCSID=33
Spot8.Type=OpenAirSpawn
Spot9.Coordinates=220351.84375,-47528.78515625
Spot9.DCSID=32
Spot9.Type=OpenAirSpawn
Spot10.Coordinates=220342.109375,-47543.37890625
Spot10.DCSID=31
Spot10.Type=OpenAirSpawn
Spot11.Coordinates=220332.09375,-47558.03125
Spot11.DCSID=30
Spot11.Type=OpenAirSpawn
Spot12.Coordinates=220321.734375,-47572.58984375
Spot12.DCSID=29
Spot12.Type=OpenAirSpawn
Spot13.Coordinates=220357.5625,-47446.3671875
Spot13.DCSID=28
Spot13.Type=OpenAirSpawn
Spot14.Coordinates=220347.796875,-47461.50390625
Spot14.DCSID=27
Spot14.Type=OpenAirSpawn
Spot15.Coordinates=220337.421875,-47476.80859375
Spot15.DCSID=26
Spot15.Type=OpenAirSpawn
Spot16.Coordinates=220327.78125,-47491.57421875
Spot16.DCSID=25
Spot16.Type=OpenAirSpawn
Spot17.Coordinates=220318.046875,-47505.953125
Spot17.DCSID=24
Spot17.Type=OpenAirSpawn
Spot18.Coordinates=220308.3125,-47520.546875
Spot18.DCSID=23
Spot18.Type=OpenAirSpawn
Spot19.Coordinates=220298.078125,-47535.0234375
Spot19.DCSID=22
Spot19.Type=OpenAirSpawn
Spot20.Coordinates=220287.78125,-47549.61328125
Spot20.DCSID=21
Spot20.Type=OpenAirSpawn
Spot21.Coordinates=219941.34375,-46837.1171875
Spot21.DCSID=20
Spot21.Type=OpenAirSpawn
Spot22.Coordinates=219662.421875,-46926.7421875
Spot22.DCSID=19
Spot22.Type=OpenAirSpawn
Spot23.Coordinates=219634.609375,-46966.62109375
Spot23.DCSID=18
Spot23.Type=OpenAirSpawn
Spot24.Coordinates=219602.96875,-47017.1640625
Spot24.DCSID=17
Spot24.Type=OpenAirSpawn
Spot25.Coordinates=219574.21875,-47078.125
Spot25.DCSID=16
Spot25.Type=OpenAirSpawn
Spot26.Coordinates=219697.0625,-47157.50390625
Spot26.DCSID=15
Spot26.Type=OpenAirSpawn
Spot27.Coordinates=219719.5,-47122.203125
Spot27.DCSID=14
Spot27.Type=OpenAirSpawn
Spot28.Coordinates=219741.6875,-47087.296875
Spot28.DCSID=13
Spot28.Type=OpenAirSpawn
Spot29.Coordinates=219600.015625,-47262.6796875
Spot29.DCSID=12
Spot29.Type=OpenAirSpawn
Spot30.Coordinates=219562.8125,-47237.2109375
Spot30.DCSID=11
Spot30.Type=OpenAirSpawn
Spot31.Coordinates=219525.84375,-47211.8203125
Spot31.DCSID=10
Spot31.Type=OpenAirSpawn
Spot32.Coordinates=219488.75,-47186.5625
Spot32.DCSID=9
Spot32.Type=OpenAirSpawn
Spot33.Coordinates=219890.671875,-47003.99609375
Spot33.DCSID=8
Spot33.Type=OpenAirSpawn
Spot34.Coordinates=219849.4375,-47014.02734375
Spot34.DCSID=7
Spot34.Type=OpenAirSpawn
Spot35.Coordinates=219807.296875,-47023.7109375
Spot35.DCSID=6
Spot35.Type=OpenAirSpawn
Spot36.Coordinates=219762.140625,-47053.78125
Spot36.DCSID=5
Spot36.Type=OpenAirSpawn
Spot37.Coordinates=219815.28125,-46864.453125
Spot37.DCSID=4
Spot37.Type=OpenAirSpawn
Spot38.Coordinates=219858.125,-46855.546875
Spot38.DCSID=3
Spot38.Type=OpenAirSpawn
Spot39.Coordinates=219900.59375,-46846.515625
Spot39.DCSID=2
Spot39.Type=OpenAirSpawn

