[Airbase]
Theater=Syria
ATC=250.900/121.100
Coalition=Blue
Coordinates=220078.640625,-47350.75
DCSID=2
Elevation=17
Flags=
ILS=108.70
Name=Adana Sakirpasa
Runways=23*-5
TACAN=-

[RunwaySpawns]
Spot1.Coordinates=218713.078125,-49413.578125
Spot1.DCSID=1
Spot2.Coordinates=220103.453125,-47367.61328125
Spot2.DCSID=0

[Parking]
Spot1.Coordinates=219670.578125,-46940.40625
Spot1.DCSID=40
Spot1.type=OpenAirSpawn
Spot2.Coordinates=219457.640625,-47434.01953125
Spot2.DCSID=39
Spot2.type=OpenAirSpawn
Spot3.Coordinates=219712.4375,-46931.5234375
Spot3.DCSID=38
Spot3.type=OpenAirSpawn
Spot4.Coordinates=220338.703125,-47518.08203125
Spot4.DCSID=37
Spot4.type=OpenAirSpawn
Spot5.Coordinates=220329.25,-47532.18359375
Spot5.DCSID=36
Spot5.type=OpenAirSpawn
Spot6.Coordinates=220319.578125,-47545.96484375
Spot6.DCSID=35
Spot6.type=OpenAirSpawn
Spot7.Coordinates=220310.03125,-47559.9296875
Spot7.DCSID=34
Spot7.type=OpenAirSpawn
Spot8.Coordinates=220300.265625,-47573.9140625
Spot8.DCSID=33
Spot8.type=OpenAirSpawn
Spot9.Coordinates=220290.625,-47587.8125
Spot9.DCSID=32
Spot9.type=OpenAirSpawn
Spot10.Coordinates=220281.1875,-47601.86328125
Spot10.DCSID=31
Spot10.type=OpenAirSpawn
Spot11.Coordinates=220271.703125,-47615.89453125
Spot11.DCSID=30
Spot11.type=OpenAirSpawn
Spot12.Coordinates=220262.234375,-47629.94140625
Spot12.DCSID=29
Spot12.type=OpenAirSpawn
Spot13.Coordinates=220294.4375,-47508.4453125
Spot13.DCSID=28
Spot13.type=OpenAirSpawn
Spot14.Coordinates=220285.296875,-47522.78125
Spot14.DCSID=27
Spot14.type=OpenAirSpawn
Spot15.Coordinates=220275.796875,-47536.9296875
Spot15.DCSID=26
Spot15.type=OpenAirSpawn
Spot16.Coordinates=220266.4375,-47550.80859375
Spot16.DCSID=25
Spot16.type=OpenAirSpawn
Spot17.Coordinates=220256.9375,-47564.98046875
Spot17.DCSID=24
Spot17.type=OpenAirSpawn
Spot18.Coordinates=220247.5,-47579.03125
Spot18.DCSID=23
Spot18.type=OpenAirSpawn
Spot19.Coordinates=220237.796875,-47592.88671875
Spot19.DCSID=22
Spot19.type=OpenAirSpawn
Spot20.Coordinates=220228.390625,-47606.96484375
Spot20.DCSID=21
Spot20.type=OpenAirSpawn
Spot21.Coordinates=219880.953125,-46894.98046875
Spot21.DCSID=20
Spot21.type=OpenAirSpawn
Spot22.Coordinates=219602.03125,-46984.60546875
Spot22.DCSID=19
Spot22.type=OpenAirSpawn
Spot23.Coordinates=219574.21875,-47024.484375
Spot23.DCSID=18
Spot23.type=OpenAirSpawn
Spot24.Coordinates=219542.578125,-47075.02734375
Spot24.DCSID=17
Spot24.type=OpenAirSpawn
Spot25.Coordinates=219513.828125,-47135.98828125
Spot25.DCSID=16
Spot25.type=OpenAirSpawn
Spot26.Coordinates=219636.671875,-47215.3671875
Spot26.DCSID=15
Spot26.type=OpenAirSpawn
Spot27.Coordinates=219659.109375,-47180.06640625
Spot27.DCSID=14
Spot27.type=OpenAirSpawn
Spot28.Coordinates=219681.296875,-47145.16015625
Spot28.DCSID=13
Spot28.type=OpenAirSpawn
Spot29.Coordinates=219539.625,-47320.54296875
Spot29.DCSID=12
Spot29.type=OpenAirSpawn
Spot30.Coordinates=219502.421875,-47295.07421875
Spot30.DCSID=11
Spot30.type=OpenAirSpawn
Spot31.Coordinates=219465.453125,-47269.68359375
Spot31.DCSID=10
Spot31.type=OpenAirSpawn
Spot32.Coordinates=219428.359375,-47244.42578125
Spot32.DCSID=9
Spot32.type=OpenAirSpawn
Spot33.Coordinates=219830.28125,-47061.859375
Spot33.DCSID=8
Spot33.type=OpenAirSpawn
Spot34.Coordinates=219789.046875,-47071.890625
Spot34.DCSID=7
Spot34.type=OpenAirSpawn
Spot35.Coordinates=219746.90625,-47081.57421875
Spot35.DCSID=6
Spot35.type=OpenAirSpawn
Spot36.Coordinates=219701.75,-47111.64453125
Spot36.DCSID=5
Spot36.type=OpenAirSpawn
Spot37.Coordinates=219754.890625,-46922.31640625
Spot37.DCSID=4
Spot37.type=OpenAirSpawn
Spot38.Coordinates=219797.734375,-46913.41015625
Spot38.DCSID=3
Spot38.type=OpenAirSpawn
Spot39.Coordinates=219840.203125,-46904.37890625
Spot39.DCSID=2
Spot39.type=OpenAirSpawn

