[Airbase]
Theater=Syria
ATC=251.250/119.200
Coalition=Red
Coordinates=-52264.12109375,61229.99609375
DCSID=3
Elevation=527
Flags=Military
ILS=-
Name=Al Qusayr
Runways=28-10
TACAN=-

[RunwaySpawns]
Spot1.Coordinates=-51699.95703125,58674.5546875
Spot1.DCSID=1
Spot2.Coordinates=-52234.75390625,61236.12890625
Spot2.DCSID=0

[Parking]
Spot1.Coordinates=-52658.25,60957.34765625
Spot1.DCSID=35
Spot1.type=OpenAirSpawn
Spot2.Coordinates=-52679.68359375,60937.8515625
Spot2.DCSID=34
Spot2.type=OpenAirSpawn
Spot3.Coordinates=-52636.82421875,60976.21484375
Spot3.DCSID=33
Spot3.type=OpenAirSpawn
Spot4.Coordinates=-52591.95703125,61015.41796875
Spot4.DCSID=32
Spot4.type=OpenAirSpawn
Spot5.Coordinates=-52614.0078125,60996.4140625
Spot5.DCSID=31
Spot5.type=OpenAirSpawn
Spot6.Coordinates=-52704.59375,60915.38671875
Spot6.DCSID=30
Spot6.type=OpenAirSpawn
Spot7.Coordinates=-52761.08203125,60866.3828125
Spot7.DCSID=29
Spot7.type=OpenAirSpawn
Spot8.Coordinates=-52724.03515625,60898.953125
Spot8.DCSID=28
Spot8.type=OpenAirSpawn
Spot9.Coordinates=-51467.453125,59140.88671875
Spot9.DCSID=27
Spot9.type=AirplaneOnly
Spot10.Coordinates=-51424.4921875,58893.50390625
Spot10.DCSID=26
Spot10.type=AirplaneOnly
Spot11.Coordinates=-51378.265625,58646.65234375
Spot11.DCSID=25
Spot11.type=AirplaneOnly
Spot12.Coordinates=-51930.98828125,60570.7890625
Spot12.DCSID=24
Spot12.type=AirplaneOnly
Spot13.Coordinates=-51996.4296875,60985.37890625
Spot13.DCSID=23
Spot13.type=AirplaneOnly
Spot14.Coordinates=-51842.78125,60819.296875
Spot14.DCSID=22
Spot14.type=AirplaneOnly
Spot15.Coordinates=-52050.20703125,61347.828125
Spot15.DCSID=21
Spot15.type=OpenAirSpawn
Spot16.Coordinates=-51873.20703125,61140.27734375
Spot16.DCSID=20
Spot16.type=OpenAirSpawn
Spot17.Coordinates=-51923.6875,61370.22265625
Spot17.DCSID=19
Spot17.type=OpenAirSpawn
Spot18.Coordinates=-52129.84765625,61393.41796875
Spot18.DCSID=18
Spot18.type=OpenAirSpawn
Spot19.Coordinates=-52135.703125,61421.578125
Spot19.DCSID=17
Spot19.type=OpenAirSpawn
Spot20.Coordinates=-52154.171875,61509.79296875
Spot20.DCSID=16
Spot20.type=OpenAirSpawn
Spot21.Coordinates=-52147.62109375,61480.28515625
Spot21.DCSID=15
Spot21.type=OpenAirSpawn
Spot22.Coordinates=-52142.02734375,61451.23828125
Spot22.DCSID=14
Spot22.type=OpenAirSpawn
Spot23.Coordinates=-52927.48046875,60874.3359375
Spot23.DCSID=13
Spot23.type=AirplaneOnly
Spot24.Coordinates=-52850.9375,61172.83984375
Spot24.DCSID=12
Spot24.type=AirplaneOnly
Spot25.Coordinates=-52666.09375,61154.59375
Spot25.DCSID=11
Spot25.type=OpenAirSpawn
Spot26.Coordinates=-52562.29296875,60908.23828125
Spot26.DCSID=10
Spot26.type=AirplaneOnly
Spot27.Coordinates=-52700.5234375,60788.56640625
Spot27.DCSID=9
Spot27.type=OpenAirSpawn
Spot28.Coordinates=-52827.2734375,60670.52734375
Spot28.DCSID=8
Spot28.type=AirplaneOnly
Spot29.Coordinates=-52098.68359375,61689.1015625
Spot29.DCSID=7
Spot29.type=AirplaneOnly
Spot30.Coordinates=-52032.71875,61535.9921875
Spot30.DCSID=6
Spot30.type=AirplaneOnly
Spot31.Coordinates=-52008.74609375,61554.39453125
Spot31.DCSID=5
Spot31.type=AirplaneOnly
Spot32.Coordinates=-52560.875,61259.3046875
Spot32.DCSID=4
Spot32.type=OpenAirSpawn
Spot33.Coordinates=-52627.33984375,61406.92578125
Spot33.DCSID=3
Spot33.type=OpenAirSpawn
Spot34.Coordinates=-52116.9296875,61713.0
Spot34.DCSID=2
Spot34.type=AirplaneOnly

