[Airbase]
Theater=Syria
ATC=251.150/118.500
Coalition=Red
Coordinates=77009.4453125,242173.90234375
DCSID=37
Elevation=330
Flags=Military
ILS=-
Name=Tabqa
Runways=9-27
RunwayLengthFt=9036
TACAN=

[Parking]
Spot1.Coordinates=77161.1328125,245007.25
Spot1.DCSID=30
Spot1.Type=OpenAirSpawn
Spot2.Coordinates=77162.453125,244980.015625
Spot2.DCSID=29
Spot2.Type=OpenAirSpawn
Spot3.Coordinates=77163.515625,244951.046875
Spot3.DCSID=28
Spot3.Type=OpenAirSpawn
Spot4.Coordinates=77165.5859375,244920.578125
Spot4.DCSID=27
Spot4.Type=OpenAirSpawn
Spot5.Coordinates=77167.7109375,244890.484375
Spot5.DCSID=26
Spot5.Type=OpenAirSpawn
Spot6.Coordinates=77169.5625,244860.6875
Spot6.DCSID=25
Spot6.Type=OpenAirSpawn
Spot7.Coordinates=77400.1640625,242313.09375
Spot7.DCSID=24
Spot7.Type=OpenAirSpawn
Spot8.Coordinates=77402.2109375,242277.921875
Spot8.DCSID=23
Spot8.Type=OpenAirSpawn
Spot9.Coordinates=77428.390625,244914.8125
Spot9.DCSID=22
Spot9.Type=AirplaneOnly
Spot11.Coordinates=77404.4140625,242244.046875
Spot11.DCSID=20
Spot11.Type=OpenAirSpawn
Spot13.Coordinates=77406.078125,242210.28125
Spot13.DCSID=18
Spot13.Type=OpenAirSpawn
Spot14.Coordinates=77407.8046875,242174.21875
Spot14.DCSID=17
Spot14.Type=OpenAirSpawn
Spot15.Coordinates=76707.078125,245232.84375
Spot15.DCSID=16
Spot15.Type=AirplaneOnly
Spot16.Coordinates=76687.828125,245209.53125
Spot16.DCSID=15
Spot16.Type=AirplaneOnly
Spot17.Coordinates=77370.3828125,241932.1875
Spot17.DCSID=14
Spot17.Type=AirplaneOnly
Spot18.Coordinates=77285.9609375,245521.328125
Spot18.DCSID=13
Spot18.Type=HardenedAirShelter
Spot19.Coordinates=77385.1875,241958.71875
Spot19.DCSID=12
Spot19.Type=AirplaneOnly
Spot20.Coordinates=77408.875,245447.75
Spot20.DCSID=11
Spot20.Type=AirplaneOnly
Spot21.Coordinates=77463.578125,242046.59375
Spot21.DCSID=10
Spot21.Type=HardenedAirShelter
Spot22.Coordinates=77607.140625,242237.953125
Spot22.DCSID=9
Spot22.Type=HardenedAirShelter
Spot23.Coordinates=77350.015625,245283.421875
Spot23.DCSID=8
Spot23.Type=HardenedAirShelter
Spot24.Coordinates=77352.109375,242625.46875
Spot24.DCSID=7
Spot24.Type=AirplaneOnly
Spot25.Coordinates=77196.5703125,245305.859375
Spot25.DCSID=6
Spot25.Type=HardenedAirShelter
Spot26.Coordinates=77351.421875,242655.359375
Spot26.DCSID=5
Spot26.Type=AirplaneOnly
Spot27.Coordinates=77246.4921875,245120.5
Spot27.DCSID=4
Spot27.Type=AirplaneOnly
Spot28.Coordinates=77246.140625,245090.109375
Spot28.DCSID=3
Spot28.Type=AirplaneOnly
Spot29.Coordinates=77244.8515625,244727.234375
Spot29.DCSID=2
Spot29.Type=AirplaneOnly
Spot30.Coordinates=77359.6015625,245047.59375
Spot30.DCSID=1
Spot30.Type=HardenedAirShelter
Spot31.Coordinates=77222.4375,244747.03125
Spot31.DCSID=0
Spot31.Type=AirplaneOnly

