[Airbase]
Theater=Syria
ATC=250.200/118.100
Coalition=Red
Coordinates=115011.3671875,188318.29296875
DCSID=17
Elevation=356
Flags=Military
ILS=-
Name=Jirah
Runways=28-10
TACAN=-

[RunwaySpawns]
Spot1.Coordinates=115557.6796875,185601.85546875
Spot1.DCSID=29
Spot2.Coordinates=115040.84375,188323.88671875
Spot2.DCSID=28

[Parking]
Spot1.Coordinates=115140.90625,188592.73046875
Spot1.DCSID=27
Spot1.Type=AirplaneOnly
Spot2.Coordinates=114855.7109375,188559.49609375
Spot2.DCSID=26
Spot2.Type=AirplaneOnly
Spot3.Coordinates=114909.9375,188435.21484375
Spot3.DCSID=25
Spot3.Type=OpenAirSpawn
Spot4.Coordinates=115299.8203125,188596.23046875
Spot4.DCSID=24
Spot4.Type=AirplaneOnly
Spot5.Coordinates=115606.53125,187602.30859375
Spot5.DCSID=23
Spot5.Type=AirplaneOnly
Spot6.Coordinates=115538.1015625,188488.38671875
Spot6.DCSID=22
Spot6.Type=OpenAirSpawn
Spot7.Coordinates=115416.265625,188583.41796875
Spot7.DCSID=21
Spot7.Type=OpenAirSpawn
Spot8.Coordinates=115428.3203125,187413.29296875
Spot8.DCSID=20
Spot8.Type=AirplaneOnly
Spot9.Coordinates=115330.546875,188260.33984375
Spot9.DCSID=19
Spot9.Type=AirplaneOnly
Spot10.Coordinates=114825.765625,188564.04296875
Spot10.DCSID=18
Spot10.Type=AirplaneOnly
Spot11.Coordinates=114838.96875,187821.66796875
Spot11.DCSID=17
Spot11.Type=AirplaneOnly
Spot12.Coordinates=114905.390625,187944.43359375
Spot12.DCSID=16
Spot12.Type=OpenAirSpawn
Spot13.Coordinates=114972.6328125,187616.38671875
Spot13.DCSID=15
Spot13.Type=AirplaneOnly
Spot14.Coordinates=114760.0859375,188356.62109375
Spot14.DCSID=14
Spot14.Type=OpenAirSpawn
Spot15.Coordinates=114780.390625,188074.94921875
Spot15.DCSID=13
Spot15.Type=OpenAirSpawn
Spot16.Coordinates=115326.890625,187878.26171875
Spot16.DCSID=12
Spot16.Type=AirplaneOnly
Spot17.Coordinates=115549.625,188086.54296875
Spot17.DCSID=11
Spot17.Type=AirplaneOnly
Spot18.Coordinates=115439.9140625,187860.30859375
Spot18.DCSID=10
Spot18.Type=AirplaneOnly
Spot19.Coordinates=115205.1171875,188298.55859375
Spot19.DCSID=9
Spot19.Type=OpenAirSpawn
Spot20.Coordinates=115209.6015625,188274.88671875
Spot20.DCSID=8
Spot20.Type=OpenAirSpawn
Spot21.Coordinates=115214.578125,188250.23046875
Spot21.DCSID=7
Spot21.Type=OpenAirSpawn
Spot22.Coordinates=115200.8046875,188323.93359375
Spot22.DCSID=6
Spot22.Type=OpenAirSpawn
Spot23.Coordinates=115181.9765625,188423.04296875
Spot23.DCSID=5
Spot23.Type=OpenAirSpawn
Spot24.Coordinates=115177.3203125,188447.94921875
Spot24.DCSID=4
Spot24.Type=OpenAirSpawn
Spot25.Coordinates=115172.8125,188471.73046875
Spot25.DCSID=3
Spot25.Type=OpenAirSpawn
Spot26.Coordinates=115196.0390625,188348.80859375
Spot26.DCSID=2
Spot26.Type=OpenAirSpawn
Spot27.Coordinates=115186.671875,188398.74609375
Spot27.DCSID=1
Spot27.Type=OpenAirSpawn
Spot28.Coordinates=115191.265625,188373.80859375
Spot28.DCSID=0
Spot28.Type=OpenAirSpawn

