[Airbase]
Theater=Syria
ATC=251.100/119.500
Coalition=Red
Coordinates=-48924.76171875,7444.2602539063
DCSID=33
Elevation=4
Flags=Military,NearWater
ILS=-
Name=Rene Mouawad
Runways=6-24
TACAN=-

[RunwaySpawns]
Spot1.Coordinates=-47781.1796875,9808.02734375
Spot1.DCSID=1
Spot2.Coordinates=-48951.6171875,7457.6333007813
Spot2.DCSID=0

[Parking]
Spot1.Coordinates=-47427.515625,9938.466796875
Spot1.DCSID=14
Spot1.Type=AirplaneOnly
Spot2.Coordinates=-47590.25390625,9918.5302734375
Spot2.DCSID=13
Spot2.Type=AirplaneOnly
Spot3.Coordinates=-48920.859375,7245.3583984375
Spot3.DCSID=12
Spot3.Type=AirplaneOnly
Spot4.Coordinates=-48981.84375,7109.8891601563
Spot4.DCSID=11
Spot4.Type=AirplaneOnly
Spot5.Coordinates=-47913.19140625,8835.30078125
Spot5.DCSID=10
Spot5.Type=OpenAirSpawn
Spot6.Coordinates=-47929.44921875,8803.63671875
Spot6.DCSID=9
Spot6.Type=OpenAirSpawn
Spot7.Coordinates=-47945.74609375,8772.1103515625
Spot7.DCSID=8
Spot7.Type=OpenAirSpawn
Spot8.Coordinates=-48040.31640625,8585.0625
Spot8.DCSID=7
Spot8.Type=HelicopterOnly
Spot9.Coordinates=-47993.87890625,8676.9169921875
Spot9.DCSID=6
Spot9.Type=HelicopterOnly
Spot10.Coordinates=-47978.03125,8708.609375
Spot10.DCSID=5
Spot10.Type=HelicopterOnly
Spot11.Coordinates=-47960.90234375,8739.5390625
Spot11.DCSID=4
Spot11.Type=HelicopterOnly
Spot12.Coordinates=-48025.00390625,8613.4111328125
Spot12.DCSID=3
Spot12.Type=HelicopterOnly
Spot13.Coordinates=-48008.8046875,8644.791015625
Spot13.DCSID=2
Spot13.Type=HelicopterOnly

