[Airbase]
Theater=Syria
ATC=250.150/128.500
Coalition=Blue
Coordinates=148593.375,40346.08203125
DCSID=15
Elevation=77
Flags=NearWater
ILS=108.15/108.90
Name=Hatay
Runways=22-4
TACAN=-

[RunwaySpawns]
Spot1.Coordinates=146639.859375,38397.14453125
Spot1.DCSID=1
Spot2.Coordinates=148614.328125,40324.61328125
Spot2.DCSID=0

[Parking]
Spot1.Coordinates=147745.234375,38967.81640625
Spot1.DCSID=11
Spot1.Type=OpenAirSpawn
Spot2.Coordinates=147714.765625,38938.49609375
Spot2.DCSID=10
Spot2.Type=OpenAirSpawn
Spot3.Coordinates=147654.734375,38881.24609375
Spot3.DCSID=9
Spot3.Type=OpenAirSpawn
Spot4.Coordinates=147776.125,38997.1640625
Spot4.DCSID=8
Spot4.Type=OpenAirSpawn
Spot5.Coordinates=147806.359375,39027.1015625
Spot5.DCSID=7
Spot5.Type=OpenAirSpawn
Spot6.Coordinates=147564.609375,38794.7265625
Spot6.DCSID=6
Spot6.Type=OpenAirSpawn
Spot7.Coordinates=147535.0625,38765.23828125
Spot7.DCSID=5
Spot7.Type=OpenAirSpawn
Spot8.Coordinates=147594.65625,38824.05859375
Spot8.DCSID=4
Spot8.Type=OpenAirSpawn
Spot9.Coordinates=147684.953125,38909.69921875
Spot9.DCSID=3
Spot9.Type=OpenAirSpawn
Spot10.Coordinates=147625.0,38852.58984375
Spot10.DCSID=2
Spot10.Type=OpenAirSpawn

