[Airbase]
Theater=Syria
ATC=250.600/112.700
Coalition=Red
Coordinates=-170282.1875,47399.87890625
DCSID=22
Elevation=611
Flags=Military
ILS=-
Name=Marj as Sultan North
Runways=8-26
RunwayLengthFt=475
TACAN=

[Parking]
Spot2.Coordinates=-170091.296875,47529.609375
Spot2.DCSID=14
Spot2.Type=HelicopterOnly
Spot3.Coordinates=-170288.609375,47557.875
Spot3.DCSID=13
Spot3.Type=HelicopterOnly
Spot4.Coordinates=-170295.5,47514.87890625
Spot4.DCSID=12
Spot4.Type=HelicopterOnly
Spot5.Coordinates=-170302.75,47470.953125
Spot5.DCSID=11
Spot5.Type=HelicopterOnly
Spot6.Coordinates=-170188.890625,47496.6328125
Spot6.DCSID=10
Spot6.Type=HelicopterOnly
Spot7.Coordinates=-170136.359375,47536.38671875
Spot7.DCSID=9
Spot7.Type=HelicopterOnly
Spot8.Coordinates=-170180.875,47544.80859375
Spot8.DCSID=8
Spot8.Type=HelicopterOnly
Spot9.Coordinates=-170167.578125,47621.31640625
Spot9.DCSID=7
Spot9.Type=HelicopterOnly
Spot10.Coordinates=-170197.75,47446.05078125
Spot10.DCSID=6
Spot10.Type=HelicopterOnly
Spot11.Coordinates=-170153.375,47438.53515625
Spot11.DCSID=5
Spot11.Type=HelicopterOnly
Spot12.Coordinates=-170108.171875,47430.20703125
Spot12.DCSID=4
Spot12.Type=HelicopterOnly
Spot13.Coordinates=-170234.984375,47371.68359375
Spot13.DCSID=3
Spot13.Type=HelicopterOnly
Spot14.Coordinates=-170281.296875,47602.125
Spot14.DCSID=2
Spot14.Type=HelicopterOnly
Spot15.Coordinates=-170310.71875,47426.27734375
Spot15.DCSID=1
Spot15.Type=HelicopterOnly

