[Airbase]
Theater=Syria
ATC=251.300/120.400
Coalition=Red
Coordinates=-151781.367188,117529.734375
DCSID=35
Elevation=693
Flags=
ILS=-
Name=Sayqal
Runways=8-26
TACAN=-

[RunwaySpawns]
Spot1.Coordinates=-151781.367188,117529.734375
Spot1.DCSID=0


[Parking]
Spot60.Coordinates=-150980.53125,117776.6953125
Spot60.DCSID=60
Spot60.Type=OpenAirSpawn
Spot59.Coordinates=-151254.8125,117628.46875    
Spot59.DCSID=59
Spot59.Type=OpenAirSpawn
Spot58.Coordinates=-151366.453125,117421.0859375
Spot58.DCSID=58
Spot58.Type=OpenAirSpawn
Spot14.Coordinates=-150832.6875,118476.28125    
Spot14.DCSID=14
Spot14.Type=OpenAirSpawn
Spot13.Coordinates=-150856.53125,118494.0625    
Spot13.DCSID=13
Spot13.Type=OpenAirSpawn
Spot12.Coordinates=-150879.984375,118512.046875 
Spot12.DCSID=12
Spot12.Type=OpenAirSpawn
Spot11.Coordinates=-150903.859375,118529.7421875
Spot11.DCSID=11
Spot11.Type=OpenAirSpawn
Spot10.Coordinates=-150927.4375,118547.7109375  
Spot10.DCSID=10
Spot10.Type=OpenAirSpawn
Spot9.Coordinates=-150951.09375,118565.4921875
Spot9.DCSID=9
Spot9.Type=OpenAirSpawn
Spot57.Coordinates=-151354.78125,117107.875
Spot57.DCSID=57
Spot57.Type=OpenAirSpawn
Spot8.Coordinates=-150975,118583.0546875
Spot8.DCSID=8
Spot8.Type=OpenAirSpawn
Spot7.Coordinates=-150998.53125,118601.1015625
Spot7.DCSID=7
Spot7.Type=OpenAirSpawn
Spot6.Coordinates=-151022.375,118619.1796875
Spot6.DCSID=6
Spot6.Type=OpenAirSpawn
Spot5.Coordinates=-151046.015625,118636.7734375
Spot5.DCSID=5
Spot5.Type=OpenAirSpawn
Spot56.Coordinates=-151373.53125,116187.46875
Spot56.DCSID=56
Spot56.Type=OpenAirSpawn
Spot55.Coordinates=-151389.6875,116162.2578125
Spot55.DCSID=55
Spot55.Type=OpenAirSpawn