[Airbase]
Theater=Syria
ATC=251.500/122.900
Coalition=Red
Coordinates=-171741.5625,48159.203125
DCSID=8
Elevation=611
Flags=
ILS=-
Name=Marj as Sultan South
Runways=9-27
TACAN=-

[RunwaySpawns]
Spot1.Coordinates=-171771.765625,48209.96875
Spot1.DCSID=1
Spot2.Coordinates=-171771.5625,48159.08203125
Spot2.DCSID=0

[Parking]
Spot1.Coordinates=-172013.953125,48108.75390625
Spot1.DCSID=21
Spot1.Type=HelicopterOnly
Spot2.Coordinates=-172041.4375,48152.98828125
Spot2.DCSID=20
Spot2.Type=HelicopterOnly
Spot3.Coordinates=-172062.0,48206.55078125
Spot3.DCSID=19
Spot3.Type=HelicopterOnly
Spot4.Coordinates=-171978.8125,48199.0859375
Spot4.DCSID=18
Spot4.Type=HelicopterOnly
Spot5.Coordinates=-171994.71875,48252.04296875
Spot5.DCSID=17
Spot5.Type=HelicopterOnly
Spot6.Coordinates=-172134.78125,48042.5859375
Spot6.DCSID=16
Spot6.Type=HelicopterOnly
Spot7.Coordinates=-172077.3125,48027.15625
Spot7.DCSID=15
Spot7.Type=HelicopterOnly
Spot8.Coordinates=-172017.328125,48042.3984375
Spot8.DCSID=14
Spot8.Type=HelicopterOnly
Spot9.Coordinates=-171964.75,48025.94921875
Spot9.DCSID=13
Spot9.Type=HelicopterOnly
Spot10.Coordinates=-171913.375,48029.0859375
Spot10.DCSID=12
Spot10.Type=HelicopterOnly
Spot11.Coordinates=-171716.640625,48121.80078125
Spot11.DCSID=11
Spot11.Type=HelicopterOnly
Spot12.Coordinates=-171706.953125,48178.02734375
Spot12.DCSID=10
Spot12.Type=HelicopterOnly
Spot13.Coordinates=-171715.09375,48233.31640625
Spot13.DCSID=9
Spot13.Type=HelicopterOnly
Spot14.Coordinates=-171827.390625,48247.86328125
Spot14.DCSID=8
Spot14.Type=HelicopterOnly
Spot15.Coordinates=-171827.546875,48137.2578125
Spot15.DCSID=7
Spot15.Type=HelicopterOnly
Spot16.Coordinates=-171840.21875,48190.9921875
Spot16.DCSID=6
Spot16.Type=HelicopterOnly
Spot17.Coordinates=-171833.6875,48044.61328125
Spot17.DCSID=5
Spot17.Type=HelicopterOnly
Spot18.Coordinates=-171831.828125,48314.36328125
Spot18.DCSID=4
Spot18.Type=HelicopterOnly
Spot19.Coordinates=-171712.265625,48309.98828125
Spot19.DCSID=3
Spot19.Type=HelicopterOnly
Spot20.Coordinates=-171712.84375,48043.70703125
Spot20.DCSID=2
Spot20.Type=HelicopterOnly

