[Airbase]
Theater=Syria
ATC=250.800/121.900
Coalition=Red
Coordinates=-55607.97265625,221438.15625
DCSID=28
Elevation=386
Flags=Military
ILS=-
Name=Palmyra
Runways=26-8
TACAN=-

[RunwaySpawns]
Spot1.Coordinates=-55829.9375,218794.171875
Spot1.DCSID=1
Spot2.Coordinates=-55578.109375,221435.3125
Spot2.DCSID=0

[Parking]
Spot1.Coordinates=-55353.92578125,221646.1875
Spot1.DCSID=23
Spot1.Type=AirplaneOnly
Spot2.Coordinates=-55155.953125,221746.0625
Spot2.DCSID=22
Spot2.Type=AirplaneOnly
Spot3.Coordinates=-55398.62109375,221469.734375
Spot3.DCSID=21
Spot3.Type=OpenAirSpawn
Spot4.Coordinates=-55402.53515625,221434.53125
Spot4.DCSID=20
Spot4.Type=OpenAirSpawn
Spot5.Coordinates=-55336.21875,221523.515625
Spot5.DCSID=19
Spot5.Type=AirplaneOnly
Spot6.Coordinates=-55338.85546875,221494.046875
Spot6.DCSID=18
Spot6.Type=AirplaneOnly
Spot7.Coordinates=-55092.93359375,221375.953125
Spot7.DCSID=17
Spot7.Type=AirplaneOnly
Spot8.Coordinates=-55315.9765625,221317.578125
Spot8.DCSID=16
Spot8.Type=AirplaneOnly
Spot9.Coordinates=-55380.3359375,221201.484375
Spot9.DCSID=15
Spot9.Type=AirplaneOnly
Spot10.Coordinates=-55395.75,221064.671875
Spot10.DCSID=14
Spot10.Type=AirplaneOnly
Spot11.Coordinates=-55214.5703125,221011.34375
Spot11.DCSID=13
Spot11.Type=AirplaneOnly
Spot12.Coordinates=-55069.37109375,220724.34375
Spot12.DCSID=12
Spot12.Type=AirplaneOnly
Spot13.Coordinates=-55119.5234375,220463.5
Spot13.DCSID=11
Spot13.Type=AirplaneOnly
Spot14.Coordinates=-55316.3671875,220228.953125
Spot14.DCSID=10
Spot14.Type=AirplaneOnly
Spot15.Coordinates=-55393.80078125,219402.171875
Spot15.DCSID=9
Spot15.Type=OpenAirSpawn
Spot16.Coordinates=-55398.015625,219356.34375
Spot16.DCSID=8
Spot16.Type=OpenAirSpawn
Spot17.Coordinates=-55401.72265625,219312.640625
Spot17.DCSID=7
Spot17.Type=OpenAirSpawn
Spot18.Coordinates=-55406.64453125,219267.625
Spot18.DCSID=6
Spot18.Type=OpenAirSpawn
Spot19.Coordinates=-55601.4453125,219086.21875
Spot19.DCSID=5
Spot19.Type=AirplaneOnly
Spot20.Coordinates=-55602.03515625,218886.8125
Spot20.DCSID=4
Spot20.Type=AirplaneOnly
Spot21.Coordinates=-55610.5625,218694.875
Spot21.DCSID=3
Spot21.Type=AirplaneOnly
Spot22.Coordinates=-55613.91796875,218666.296875
Spot22.DCSID=2
Spot22.Type=AirplaneOnly

