[Airbase]
Theater=Syria
ATC=250.500/112.700
Coalition=Red
Coordinates=-170282.1875,47399.87890625
DCSID=22
Elevation=611
Flags=Military
ILS=-
Name=Marj as Sultan North
Runways=8-26
TACAN=-

[RunwaySpawns]
Spot1.Coordinates=-170298.15625,47485.640625
Spot1.DCSID=15
Spot2.Coordinates=-170311.765625,47404.86328125
Spot2.DCSID=0

[Parking]
Spot1.Coordinates=-170151.6875,47471.74609375
Spot1.DCSID=14
Spot1.Type=HelicopterOnly
Spot2.Coordinates=-170349.0,47500.01171875
Spot2.DCSID=13
Spot2.Type=HelicopterOnly
Spot3.Coordinates=-170355.890625,47457.015625
Spot3.DCSID=12
Spot3.Type=HelicopterOnly
Spot4.Coordinates=-170363.140625,47413.08984375
Spot4.DCSID=11
Spot4.Type=HelicopterOnly
Spot5.Coordinates=-170249.28125,47438.76953125
Spot5.DCSID=10
Spot5.Type=HelicopterOnly
Spot6.Coordinates=-170196.75,47478.5234375
Spot6.DCSID=9
Spot6.Type=HelicopterOnly
Spot7.Coordinates=-170241.265625,47486.9453125
Spot7.DCSID=8
Spot7.Type=HelicopterOnly
Spot8.Coordinates=-170227.96875,47563.453125
Spot8.DCSID=7
Spot8.Type=HelicopterOnly
Spot9.Coordinates=-170258.140625,47388.1875
Spot9.DCSID=6
Spot9.Type=HelicopterOnly
Spot10.Coordinates=-170213.765625,47380.671875
Spot10.DCSID=5
Spot10.Type=HelicopterOnly
Spot11.Coordinates=-170168.5625,47372.34375
Spot11.DCSID=4
Spot11.Type=HelicopterOnly
Spot12.Coordinates=-170295.375,47313.8203125
Spot12.DCSID=3
Spot12.Type=HelicopterOnly
Spot13.Coordinates=-170341.6875,47544.26171875
Spot13.DCSID=2
Spot13.Type=HelicopterOnly
Spot14.Coordinates=-170371.109375,47368.4140625
Spot14.DCSID=1
Spot14.Type=HelicopterOnly

