[Airbase]
Theater=Syria
ATC=4.325/39.55 119.15/251.15
Coalition=Blue
Coordinates=147505.671875,-26363.255859375
DCSID=31
Elevation=8
Flags=NearWater
ILS=-
Name=Ford_AF
Runways=09-27
TACAN=-

[RunwaySpawns]
Spot1.Coordinates=147309.046875,-26059.361328125
Spot1.DCSID=6
Spot2.Coordinates=148353.359375,-25269.044921875
Spot2.DCSID=5
Spot3.Coordinates=147521.484375,-25083.267578125
Spot3.DCSID=1
Spot4.Coordinates=147475.6875,-26362.181640625
Spot4.DCSID=0

[Parking]
Spot1.Coordinates=147027.359375,-25557.1171875
Spot1.DCSID=23
Spot1.Type=AirplaneOnly
Spot2.Coordinates=147036.234375,-25503.3671875
Spot2.DCSID=22
Spot2.Type=AirplaneOnly
Spot3.Coordinates=147067.59375,-25320.849609375
Spot3.DCSID=21
Spot3.Type=AirplaneOnly
Spot4.Coordinates=147075.28125,-25266.953125
Spot4.DCSID=20
Spot4.Type=AirplaneOnly
Spot5.Coordinates=147085.15625,-25213.5546875
Spot5.DCSID=19
Spot5.Type=AirplaneOnly
Spot6.Coordinates=148080.40625,-24710.046875
Spot6.DCSID=18
Spot6.Type=AirplaneOnly
Spot7.Coordinates=148120.09375,-24747.404296875
Spot7.DCSID=17
Spot7.Type=AirplaneOnly
Spot8.Coordinates=147615.859375,-26561.64453125
Spot8.DCSID=16
Spot8.Type=AirplaneOnly
Spot9.Coordinates=147667.234375,-26543.78515625
Spot9.DCSID=15
Spot9.Type=AirplaneOnly
Spot10.Coordinates=147718.78125,-26525.919921875
Spot10.DCSID=14
Spot10.Type=AirplaneOnly
Spot11.Coordinates=148396.8125,-25117.541015625
Spot11.DCSID=13
Spot11.Type=OpenAirSpawn
Spot12.Coordinates=148407.9375,-25132.09765625
Spot12.DCSID=12
Spot12.Type=OpenAirSpawn
Spot13.Coordinates=148287.96875,-25054.529296875
Spot13.DCSID=11
Spot13.Type=OpenAirSpawn
Spot14.Coordinates=148370.40625,-25090.916015625
Spot14.DCSID=10
Spot14.Type=OpenAirSpawn
Spot15.Coordinates=148385.265625,-25102.876953125
Spot15.DCSID=9
Spot15.Type=OpenAirSpawn
Spot16.Coordinates=148292.90625,-24954.373046875
Spot16.DCSID=8
Spot16.Type=OpenAirSpawn
Spot17.Coordinates=148317.5625,-24978.9296875
Spot17.DCSID=7
Spot17.Type=OpenAirSpawn
Spot18.Coordinates=147643.390625,-24799.025390625
Spot18.DCSID=4
Spot18.Type=OpenAirSpawn
Spot19.Coordinates=147627.484375,-24819.0625
Spot19.DCSID=3
Spot19.Type=OpenAirSpawn
Spot20.Coordinates=147609.515625,-24839.732421875
Spot20.DCSID=2
Spot20.Type=OpenAirSpawn

