[Airbase]
Theater=Syria
ATC=251.350/122.300
Coalition=Red
Coordinates=-123879.6796875,86350.02734375
DCSID=4
Elevation=837
Flags=Military
ILS=-
Name=An Nasiriyah
Runways=22-4
RunwayLengthFt=8172
TACAN=

[Parking]
Spot1.Coordinates=-122956.109375,86242.421875
Spot1.DCSID=21
Spot1.Type=HardenedAirShelter
Spot2.Coordinates=-125131.6328125,84655.3828125
Spot2.DCSID=20
Spot2.Type=HardenedAirShelter
Spot3.Coordinates=-122640.78125,86333.828125
Spot3.DCSID=19
Spot3.Type=HardenedAirShelter
Spot5.Coordinates=-123047.25,86024.8125
Spot5.DCSID=17
Spot5.Type=HardenedAirShelter
Spot7.Coordinates=-123062.1640625,86384.84375
Spot7.DCSID=15
Spot7.Type=HardenedAirShelter
Spot8.Coordinates=-123152.28125,86265.3203125
Spot8.DCSID=14
Spot8.Type=HardenedAirShelter
Spot9.Coordinates=-122879.5625,86506.7265625
Spot9.DCSID=13
Spot9.Type=HardenedAirShelter
Spot10.Coordinates=-125594.5078125,84157.5234375
Spot10.DCSID=12
Spot10.Type=HardenedAirShelter
Spot11.Coordinates=-123895.7578125,86568.984375
Spot11.DCSID=11
Spot11.Type=AirplaneOnly
Spot12.Coordinates=-123924.453125,86558.75
Spot12.DCSID=10
Spot12.Type=AirplaneOnly
Spot13.Coordinates=-123564.578125,86185.5234375
Spot13.DCSID=9
Spot13.Type=AirplaneOnly
Spot14.Coordinates=-123542.21875,86164.7265625
Spot14.DCSID=8
Spot14.Type=AirplaneOnly
Spot15.Coordinates=-125474.2890625,84044.46875
Spot15.DCSID=7
Spot15.Type=HardenedAirShelter
Spot16.Coordinates=-123700.8984375,86681.1875
Spot16.DCSID=6
Spot16.Type=AirplaneOnly
Spot17.Coordinates=-123721.3125,86703.4375
Spot17.DCSID=5
Spot17.Type=AirplaneOnly
Spot18.Coordinates=-125356.2890625,84394
Spot18.DCSID=4
Spot18.Type=HardenedAirShelter
Spot19.Coordinates=-123106.7578125,86653.2421875
Spot19.DCSID=3
Spot19.Type=HardenedAirShelter
Spot20.Coordinates=-123568.1484375,86826.046875
Spot20.DCSID=2
Spot20.Type=AirplaneOnly
Spot21.Coordinates=-123275.3125,86664.0859375
Spot21.DCSID=1
Spot21.Type=HardenedAirShelter
Spot22.Coordinates=-123598.53125,86827.546875
Spot22.DCSID=0
Spot22.Type=AirplaneOnly

