[Airbase]
Theater=Syria
ATC=127.800
Coalition=Blue
Coordinates=-242199.40625,-87883.15234375
DCSID=13
Elevation=6
Flags=NearWater
ILS=-
Name=Haifa
Runways=16-34
RunwayLengthFt=3253
TACAN=-

[Parking]
Spot1.Coordinates=-242279.71875,-87902.2734375
Spot1.DCSID=17
Spot1.Type=OpenAirSpawn
Spot2.Coordinates=-242328.328125,-87283.953125
Spot2.DCSID=16
Spot2.Type=OpenAirSpawn
Spot3.Coordinates=-242347.703125,-87345.6171875
Spot3.DCSID=15
Spot3.Type=OpenAirSpawn
Spot4.Coordinates=-242365.09375,-87399.3359375
Spot4.DCSID=14
Spot4.Type=OpenAirSpawn
Spot5.Coordinates=-242382.6875,-87455.6640625
Spot5.DCSID=13
Spot5.Type=OpenAirSpawn
Spot6.Coordinates=-242401.984375,-87516.6328125
Spot6.DCSID=12
Spot6.Type=OpenAirSpawn
Spot7.Coordinates=-242420.984375,-87576.8515625
Spot7.DCSID=11
Spot7.Type=OpenAirSpawn
Spot8.Coordinates=-242438.140625,-87631.1640625
Spot8.DCSID=10
Spot8.Type=OpenAirSpawn
Spot11.Coordinates=-242520.9375,-87929.875
Spot11.DCSID=7
Spot11.Type=OpenAirSpawn
Spot12.Coordinates=-242533.3125,-87969.4453125
Spot12.DCSID=6
Spot12.Type=OpenAirSpawn
Spot13.Coordinates=-242545.734375,-88004.921875
Spot13.DCSID=5
Spot13.Type=OpenAirSpawn
Spot14.Coordinates=-242570.578125,-88062.0859375
Spot14.DCSID=4
Spot14.Type=OpenAirSpawn
Spot15.Coordinates=-242326.328125,-87887.8515625
Spot15.DCSID=3
Spot15.Type=OpenAirSpawn
Spot16.Coordinates=-242303.03125,-87894.484375
Spot16.DCSID=2
Spot16.Type=OpenAirSpawn
Spot17.Coordinates=-242256.46875,-87909.8984375
Spot17.DCSID=1
Spot17.Type=OpenAirSpawn
Spot18.Coordinates=-242230.96875,-87918.015625
Spot18.DCSID=0
Spot18.Type=OpenAirSpawn

