[Airbase]
Theater=Syria
ATC=250.700/120.600
Coalition=Red
Coordinates=163810.53125,106685.16796875
DCSID=26
Elevation=492
Flags=Military
ILS=-
Name=Minakh
Runways=10-28
TACAN=-

[RunwaySpawns]
Spot1.Coordinates=163469.890625,106719.00390625
Spot1.DCSID=3
Spot2.Coordinates=164165.75,107352.26171875
Spot2.DCSID=2
Spot3.Coordinates=163493.125,108066.41015625
Spot3.DCSID=1
Spot4.Coordinates=163781.15625,106679.06640625
Spot4.DCSID=0

[Parking]
Spot1.Coordinates=164188.5625,107266.47265625
Spot1.DCSID=23
Spot1.Type=HelicopterOnly
Spot2.Coordinates=164195.046875,107179.55859375
Spot2.DCSID=22
Spot2.Type=HelicopterOnly
Spot3.Coordinates=164164.84375,107107.22265625
Spot3.DCSID=21
Spot3.Type=HelicopterOnly
Spot4.Coordinates=164101.234375,107060.66796875
Spot4.DCSID=20
Spot4.Type=HelicopterOnly
Spot5.Coordinates=164029.953125,106982.19140625
Spot5.DCSID=19
Spot5.Type=HelicopterOnly
Spot6.Coordinates=163998.609375,106922.35546875
Spot6.DCSID=18
Spot6.Type=HelicopterOnly
Spot7.Coordinates=163985.203125,106832.73828125
Spot7.DCSID=17
Spot7.Type=HelicopterOnly
Spot8.Coordinates=163934.265625,106767.00390625
Spot8.DCSID=16
Spot8.Type=HelicopterOnly
Spot9.Coordinates=163727.796875,107690.06640625
Spot9.DCSID=15
Spot9.Type=AirplaneOnly
Spot10.Coordinates=163919.140625,107549.33984375
Spot10.DCSID=14
Spot10.Type=AirplaneOnly
Spot11.Coordinates=164149.21875,107489.34765625
Spot11.DCSID=13
Spot11.Type=AirplaneOnly
Spot12.Coordinates=163963.265625,107397.36328125
Spot12.DCSID=12
Spot12.Type=AirplaneOnly
Spot13.Coordinates=163763.015625,107503.79296875
Spot13.DCSID=11
Spot13.Type=AirplaneOnly
Spot14.Coordinates=163383.703125,107264.97265625
Spot14.DCSID=10
Spot14.Type=OpenAirSpawn
Spot15.Coordinates=163383.5,107239.29296875
Spot15.DCSID=9
Spot15.Type=OpenAirSpawn
Spot16.Coordinates=163383.015625,107213.15234375
Spot16.DCSID=8
Spot16.Type=OpenAirSpawn
Spot17.Coordinates=163382.25,107187.92578125
Spot17.DCSID=7
Spot17.Type=OpenAirSpawn
Spot18.Coordinates=163381.5625,107163.74609375
Spot18.DCSID=6
Spot18.Type=OpenAirSpawn
Spot19.Coordinates=163381.171875,107137.43359375
Spot19.DCSID=5
Spot19.Type=OpenAirSpawn
Spot20.Coordinates=163381.21875,107111.33203125
Spot20.DCSID=4
Spot20.Type=OpenAirSpawn

