[Airbase]
Theater=Syria
ATC=251.800/119.900
Coalition=Blue
Coordinates=-18696.34668,-314208.375
DCSID=46
Elevation=12
Flags=NearWater
ILS=RNY 29/108.90/294˚
Name=Paphos
Runways=11-29
TACAN=-

[RunwaySpawns]
Spot2.Coordinates=-18696.34668,-314208.375
Spot2.DCSID=0

[Parking]
Spot10.Coordinates=-18510.9296875,-313446.375
Spot10.DCSID=10
Spot10.Type=OpenAirSpawn
Spot11.Coordinates=-18539.00390625,-313458.6875
Spot11.DCSID=11
Spot11.Type=OpenAirSpawn
Spot12.Coordinates=-18565.427734375,-313470.90625
Spot12.DCSID=12
Spot12.Type=OpenAirSpawn
Spot6.Coordinates=-18540.3671875,-313379.8125
Spot6.DCSID=6
Spot6.Type=OpenAirSpawn
Spot5.Coordinates=-18512.640625,-313366.65625
Spot5.DCSID=5
Spot5.Type=OpenAirSpawn
Spot7.Coordinates=-18568.51953125,-313391.96875
Spot7.DCSID=7
Spot7.Type=OpenAirSpawn
Spot13.Coordinates=-18593.2578125,-313483.5
Spot13.DCSID=13
Spot13.Type=OpenAirSpawn
Spot8.Coordinates=-18595.5078125,-313403.625
Spot8.DCSID=8
Spot8.Type=OpenAirSpawn
Spot9.Coordinates=-18623.134765625,-313416
Spot9.DCSID=9
Spot9.Type=OpenAirSpawn
Spot24.Coordinates=-19186.84375,-313738.625
Spot24.DCSID=24
Spot24.Type=OpenAirSpawn
Spot25.Coordinates=-19177.86328125,-313836.65625
Spot25.DCSID=25
Spot25.Type=OpenAirSpawn
Spot20.Coordinates=-18936.056640625,-312781.40625
Spot20.DCSID=20
Spot20.Type=OpenAirSpawn
Spot21.Coordinates=-18953.400390625,-312788.84375
Spot21.DCSID=21
Spot21.Type=OpenAirSpawn
Spot22.Coordinates=-18970.025390625,-312796.34375
Spot22.DCSID=22
Spot22.Type=OpenAirSpawn
Spot23.Coordinates=-18987.009765625,-312803.6875
Spot23.DCSID=23
Spot23.Type=OpenAirSpawn
Spot35.Coordinates=-19071.787109375,-314017.5625
Spot35.DCSID=35
Spot35.Type=OpenAirSpawn
Spot26.Coordinates=-19205.9375,-313910.0625
Spot26.DCSID=26
Spot26.Type=OpenAirSpawn
Spot44.Coordinates=-18914.673828125,-312700.5625
Spot44.DCSID=44
Spot44.Type=OpenAirSpawn
Spot43.Coordinates=-18950.16015625,-312716.375
Spot43.DCSID=43
Spot43.Type=OpenAirSpawn
Spot42.Coordinates=-18985.845703125,-312732.40625
Spot42.DCSID=42
Spot42.Type=OpenAirSpawn
Spot41.Coordinates=-19021.2578125,-312748.4375
Spot41.DCSID=41
Spot41.Type=OpenAirSpawn
Spot40.Coordinates=-18936.779296875,-312650.84375
Spot40.DCSID=40
Spot40.Type=OpenAirSpawn
Spot39.Coordinates=-18972.251953125,-312666.65625
Spot39.DCSID=39
Spot39.Type=OpenAirSpawn
Spot38.Coordinates=-19007.61328125,-312682.9375
Spot38.DCSID=38
Spot38.Type=OpenAirSpawn
Spot37.Coordinates=-19043.912109375,-312697.90625
Spot37.DCSID=37
Spot37.Type=OpenAirSpawn
Spot27.Coordinates=-19242.21875,-314004.3125
Spot27.DCSID=27
Spot27.Type=OpenAirSpawn
Spot34.Coordinates=-19119.83203125,-314153.3125
Spot34.DCSID=34
Spot34.Type=OpenAirSpawn
Spot28.Coordinates=-19278.923828125,-314099.0625
Spot28.DCSID=28
Spot28.Type=OpenAirSpawn
Spot36.Coordinates=-19151.34765625,-314255.3125
Spot36.DCSID=36
Spot36.Type=OpenAirSpawn
Spot33.Coordinates=-19307.25,-314174.09375
Spot33.DCSID=33
Spot33.Type=OpenAirSpawn
Spot29.Coordinates=-19285.03515625,-314309.96875
Spot29.DCSID=29
Spot29.Type=OpenAirSpawn
Spot30.Coordinates=-19239.32421875,-314411.875
Spot30.DCSID=30
Spot30.Type=OpenAirSpawn
Spot31.Coordinates=-19200.6875,-314523.15625
Spot31.DCSID=31
Spot31.Type=OpenAirSpawn
Spot32.Coordinates=-19101.015625,-314609.5625
Spot32.DCSID=32
Spot32.Type=OpenAirSpawn