[Airbase]
Theater=Syria
ATC=250.600/119.900
Coalition=Blue
Coordinates=-266940.109375,-72052.62890625
DCSID=24
Elevation=55
Flags=
ILS=-
Name=Megiddo
Runways=9-27
TACAN=-

[RunwaySpawns]
Spot1.Coordinates=-267080.765625,-70198.97265625
Spot1.DCSID=10
Spot2.Coordinates=-266970.046875,-72054.41796875
Spot2.DCSID=0

[Parking]
Spot1.Coordinates=-267317.828125,-70564.03515625
Spot1.DCSID=9
Spot1.Type=OpenAirSpawn
Spot2.Coordinates=-267027.265625,-72337.75390625
Spot2.DCSID=8
Spot2.Type=AirplaneOnly
Spot3.Coordinates=-267027.296875,-72368.08203125
Spot3.DCSID=7
Spot3.Type=AirplaneOnly
Spot4.Coordinates=-266827.953125,-70816.64453125
Spot4.DCSID=6
Spot4.Type=OpenAirSpawn
Spot5.Coordinates=-266846.640625,-70807.11328125
Spot5.DCSID=5
Spot5.Type=OpenAirSpawn
Spot6.Coordinates=-266867.296875,-70796.42578125
Spot6.DCSID=4
Spot6.Type=OpenAirSpawn
Spot7.Coordinates=-266888.078125,-70783.94140625
Spot7.DCSID=3
Spot7.Type=OpenAirSpawn
Spot8.Coordinates=-266906.703125,-70774.51953125
Spot8.DCSID=2
Spot8.Type=OpenAirSpawn
Spot9.Coordinates=-266927.015625,-70763.59765625
Spot9.DCSID=1
Spot9.Type=OpenAirSpawn

