[Airbase]
Theater=Syria
ATC=250.050/120.100
Coalition=Blue
Coordinates=210314.796875,147379.28125
DCSID=11
Elevation=690
Flags=
ILS=RNY 28/109.10/286˚
Name=Gaziantep
Runways=10-28
TACAN=-

[RunwaySpawns]
Spot2.Coordinates=210314.796875,147379.28125
Spot2.DCSID=0

[Parking]
Spot1.Coordinates=210293.453125,146533.125
Spot1.DCSID=11
Spot1.Type=HelicopterOnly
Spot2.Coordinates=210303.140625,146500.015625
Spot2.DCSID=12
Spot2.Type=HelicopterOnly
Spot3.Coordinates=210070.890625,147113.21875 
Spot3.DCSID=01
Spot3.Type=OpenAirSpawn
Spot4.Coordinates=210082.9375,147074.375     
Spot4.DCSID=02
Spot4.Type=OpenAirSpawn
Spot5.Coordinates=210094.03125,147035.328125 
Spot5.DCSID=03
Spot5.Type=OpenAirSpawn
Spot6.Coordinates=210105.25,146995.75
Spot6.DCSID=04
Spot6.Type=OpenAirSpawn
Spot7.Coordinates=210116.46875,146956.28125
Spot7.DCSID=05
Spot7.Type=OpenAirSpawn
Spot8.Coordinates=210127.386769,146917.80824201
Spot8.DCSID=06
Spot8.Type=OpenAirSpawn
Spot9.Coordinates=210138.859375,146877.125
Spot9.DCSID=07
Spot9.Type=OpenAirSpawn
Spot10.Coordinates=210150.109375,146837.703125
Spot10.DCSID=08
Spot10.Type=OpenAirSpawn
Spot11.Coordinates=210161.15625,146798.59375
Spot11.DCSID=09
Spot11.Type=OpenAirSpawn
Spot12.Coordinates=210172.421875,146758.734375
Spot12.DCSID=10
Spot12.Type=OpenAirSpawn
Spot13.Coordinates=210314.796875,147379.28125