[Airbase]
Theater=Syria
ATC=251.350/120.200
Coalition=Red
Coordinates=-61368.207031,90675.136719
DCSID=36
Elevation=6
Flags=
ILS=-
Name=Shayrat
Runways=11-29
TACAN=-

[RunwaySpawns]
Spot1.Coordinates=-61368.207031,90675.136719
Spot1.DCSID=0


[Parking]
Spot52.Coordinates=-60235,89908.96875
Spot52.DCSID=52
Spot52.Type=OpenAirSpawn
Spot53.Coordinates=-60214.390625,89882.640625   
Spot53.DCSID=53
Spot53.Type=OpenAirSpawn
Spot57.Coordinates=-60255.52734375,89936.1640625
Spot57.DCSID=57
Spot57.Type=OpenAirSpawn
Spot54.Coordinates=-60193.92578125,89855.8984375
Spot54.DCSID=54
Spot54.Type=OpenAirSpawn
Spot58.Coordinates=-60275.6796875,89962.8359375 
Spot58.DCSID=58
Spot58.Type=OpenAirSpawn
Spot55.Coordinates=-60173.5859375,89829.171875  
Spot55.DCSID=55
Spot55.Type=OpenAirSpawn
Spot56.Coordinates=-60153,89802.7421875
Spot56.DCSID=56
Spot56.Type=OpenAirSpawn
Spot43.Coordinates=-60491.921875,90793.7265625  
Spot43.DCSID=43
Spot43.Type=OpenAirSpawn
Spot44.Coordinates=-60506.36328125,90812.203125
Spot44.DCSID=44
Spot44.Type=OpenAirSpawn
Spot45.Coordinates=-60523.12890625,90833.4375
Spot45.DCSID=45
Spot45.Type=OpenAirSpawn
Spot46.Coordinates=-60536.85546875,90852.328125
Spot46.DCSID=46
Spot46.Type=OpenAirSpawn
Spot47.Coordinates=-61742.02734375,92066.6484375
Spot47.DCSID=47
Spot47.Type=OpenAirSpawn
Spot48.Coordinates=-61762.4375,92093.078125
Spot48.DCSID=48
Spot48.Type=OpenAirSpawn
Spot49.Coordinates=-61782.7265625,92119.984375
Spot49.DCSID=49
Spot49.Type=OpenAirSpawn
Spot50.Coordinates=-61802.92578125,92146.84375
Spot50.DCSID=50
Spot50.Type=OpenAirSpawn
Spot51.Coordinates=-61823.31640625,92173.390625
Spot51.DCSID=51
Spot51.Type=OpenAirSpawn