[Airbase]
Theater=Syria
ATC=250.650/120.700
Coalition=Red
Coordinates=-171702.234375,25830.669921875
DCSID=25
Elevation=718
Flags=Military
ILS=-
Name=Mezzeh
Runways=26-6
TACAN=-

[Parking]
Spot1.Coordinates=-172490.828125,24998.720703125
Spot1.DCSID=41
Spot1.Type=HelicopterOnly
Spot2.Coordinates=-172430.765625,24968.0546875
Spot2.DCSID=40
Spot2.Type=HelicopterOnly
Spot3.Coordinates=-172420.4375,24927.71875
Spot3.DCSID=39
Spot3.Type=HelicopterOnly
Spot4.Coordinates=-172389.671875,24866.978515625
Spot4.DCSID=38
Spot4.Type=HelicopterOnly
Spot5.Coordinates=-172383.453125,24812.70703125
Spot5.DCSID=37
Spot5.Type=HelicopterOnly
Spot6.Coordinates=-172412.15625,24750.208984375
Spot6.DCSID=36
Spot6.Type=HelicopterOnly
Spot7.Coordinates=-172529.3125,24713.166015625
Spot7.DCSID=35
Spot7.Type=HelicopterOnly
Spot8.Coordinates=-172593.421875,24736.400390625
Spot8.DCSID=34
Spot8.Type=HelicopterOnly
Spot9.Coordinates=-172618.59375,24960.681640625
Spot9.DCSID=33
Spot9.Type=HelicopterOnly
Spot10.Coordinates=-172643.75,24899.298828125
Spot10.DCSID=32
Spot10.Type=HelicopterOnly
Spot11.Coordinates=-172608.5625,24787.755859375
Spot11.DCSID=31
Spot11.Type=HelicopterOnly
Spot12.Coordinates=-172635.484375,24848.1875
Spot12.DCSID=30
Spot12.Type=HelicopterOnly
Spot13.Coordinates=-171705.78125,26361.802734375
Spot13.DCSID=29
Spot13.Type=HardenedAirShelter
Spot14.Coordinates=-172171.921875,26050.841796875
Spot14.DCSID=28
Spot14.Type=HardenedAirShelter
Spot15.Coordinates=-171904.296875,25872.267578125
Spot15.DCSID=27
Spot15.Type=HardenedAirShelter
Spot16.Coordinates=-171956.796875,25702.974609375
Spot16.DCSID=26
Spot16.Type=HardenedAirShelter
Spot17.Coordinates=-172214.40625,24238.7578125
Spot17.DCSID=25
Spot17.Type=HardenedAirShelter
Spot18.Coordinates=-172339.21875,24013.982421875
Spot18.DCSID=24
Spot18.Type=AirplaneOnly
Spot19.Coordinates=-171426.296875,25749.833984375
Spot19.DCSID=23
Spot19.Type=HardenedAirShelter
Spot20.Coordinates=-172558.390625,23857.439453125
Spot20.DCSID=22
Spot20.Type=OpenAirSpawn
Spot21.Coordinates=-172467.09375,24034.341796875
Spot21.DCSID=21
Spot21.Type=OpenAirSpawn
Spot22.Coordinates=-172387.5,24179.1640625
Spot22.DCSID=20
Spot22.Type=OpenAirSpawn
Spot23.Coordinates=-172321.125,24304.59375
Spot23.DCSID=19
Spot23.Type=OpenAirSpawn
Spot24.Coordinates=-172219.59375,24488.287109375
Spot24.DCSID=18
Spot24.Type=OpenAirSpawn
Spot25.Coordinates=-172090.21875,24730.08203125
Spot25.DCSID=17
Spot25.Type=OpenAirSpawn
Spot26.Coordinates=-171630.90625,26241.94921875
Spot26.DCSID=16
Spot26.Type=AirplaneOnly
Spot27.Coordinates=-172528.015625,23638.708984375
Spot27.DCSID=15
Spot27.Type=AirplaneOnly
Spot28.Coordinates=-172511.28125,23612.505859375
Spot28.DCSID=14
Spot28.Type=AirplaneOnly
Spot29.Coordinates=-172891.4375,23873.232421875
Spot29.DCSID=13
Spot29.Type=AirplaneOnly
Spot30.Coordinates=-172922.15625,23871.599609375
Spot30.DCSID=12
Spot30.Type=AirplaneOnly
Spot31.Coordinates=-171582.265625,25078.34375
Spot31.DCSID=11
Spot31.Type=OpenAirSpawn
Spot32.Coordinates=-171618.53125,25034.96484375
Spot32.DCSID=10
Spot32.Type=OpenAirSpawn
Spot33.Coordinates=-171956.25,26037.0234375
Spot33.DCSID=9
Spot33.Type=HardenedAirShelter
Spot34.Coordinates=-171343.9375,26082.59375
Spot34.DCSID=8
Spot34.Type=AirplaneOnly
Spot35.Coordinates=-171359.1875,26056.25390625
Spot35.DCSID=7
Spot35.Type=AirplaneOnly
Spot36.Coordinates=-171606.046875,26258.921875
Spot36.DCSID=6
Spot36.Type=AirplaneOnly
Spot39.Coordinates=-172004.765625,24883.302734375
Spot39.DCSID=3
Spot39.Type=OpenAirSpawn
Spot40.Coordinates=-172004.625,25550.388671875
Spot40.DCSID=2
Spot40.Type=HelicopterOnly
Spot41.Coordinates=-171989.59375,25521.22265625
Spot41.DCSID=1
Spot41.Type=HelicopterOnly
Spot42.Coordinates=-171953.078125,25448.814453125
Spot42.DCSID=0
Spot42.Type=HelicopterOnly

