[Airbase]
Theater=Syria
ATC=251.350/122.300
Coalition=Red
Coordinates=-123879.6796875,86350.02734375
DCSID=4
Elevation=837
Flags=Military
ILS=-
Name=An Nasiriyah
Runways=22-4
TACAN=-

[RunwaySpawns]
Spot1.Coordinates=-125629.671875,84577.21484375
Spot1.DCSID=18
Spot2.Coordinates=-123858.5859375,86328.69921875
Spot2.DCSID=16

[Parking]
Spot1.Coordinates=-123016.5,86184.55859375
Spot1.DCSID=21
Spot1.type=AirplaneOnly
Spot2.Coordinates=-125191.90625,84598.24609375
Spot2.DCSID=20
Spot2.type=AirplaneOnly
Spot3.Coordinates=-122701.171875,86275.96484375
Spot3.DCSID=19
Spot3.type=AirplaneOnly
Spot4.Coordinates=-123107.640625,85966.94921875
Spot4.DCSID=17
Spot4.type=AirplaneOnly
Spot5.Coordinates=-123122.5546875,86326.98046875
Spot5.DCSID=15
Spot5.type=AirplaneOnly
Spot6.Coordinates=-123212.671875,86207.45703125
Spot6.DCSID=14
Spot6.type=AirplaneOnly
Spot7.Coordinates=-122939.953125,86448.86328125
Spot7.DCSID=13
Spot7.type=AirplaneOnly
Spot8.Coordinates=-125655.328125,84100.41796875
Spot8.DCSID=12
Spot8.type=AirplaneOnly
Spot9.Coordinates=-123956.34375,86511.60546875
Spot9.DCSID=11
Spot9.type=AirplaneOnly
Spot10.Coordinates=-123985.078125,86502.96484375
Spot10.DCSID=10
Spot10.type=AirplaneOnly
Spot11.Coordinates=-123624.796875,86127.34765625
Spot11.DCSID=9
Spot11.type=AirplaneOnly
Spot12.Coordinates=-123602.234375,86106.98828125
Spot12.DCSID=8
Spot12.type=AirplaneOnly
Spot13.Coordinates=-125534.0625,83986.19921875
Spot13.DCSID=7
Spot13.type=AirplaneOnly
Spot14.Coordinates=-123761.4140625,86623.47265625
Spot14.DCSID=6
Spot14.type=AirplaneOnly
Spot15.Coordinates=-123781.8125,86645.86328125
Spot15.DCSID=5
Spot15.type=AirplaneOnly
Spot16.Coordinates=-125418.3359375,84336.20703125
Spot16.DCSID=4
Spot16.type=AirplaneOnly
Spot17.Coordinates=-123167.1484375,86595.37890625
Spot17.DCSID=3
Spot17.type=AirplaneOnly
Spot18.Coordinates=-123628.4921875,86768.03515625
Spot18.DCSID=2
Spot18.type=AirplaneOnly
Spot19.Coordinates=-123335.703125,86606.22265625
Spot19.DCSID=1
Spot19.type=AirplaneOnly
Spot20.Coordinates=-123658.9921875,86769.80859375
Spot20.DCSID=0
Spot20.type=AirplaneOnly

