[Airbase]
Theater=Syria
ATC=252.200/122.400
Coalition=Red
Coordinates=-258434.929688,40368.677734
DCSID=5
Elevation=773
Flags=
ILS=-
Name=Thalah
Runways=5-23
TACAN=-

[RunwaySpawns]
Spot1.Coordinates=-258434.929688,40368.677734
Spot1.DCSID=0


[Parking]
Spot3.Coordinates=-259335.2066851,39263.243670698
Spot3.DCSID=3
Spot3.Type=HardenedAirShelter
Spot4.Coordinates=-259343.38633973,39296.482166636 
Spot4.DCSID=4
Spot4.Type=HardenedAirShelter
Spot2.Coordinates=-259523.38051049,39014.499141368 
Spot2.DCSID=2
Spot2.Type=HardenedAirShelter
Spot7.Coordinates=-259510.15536746,38984.027528517 
Spot7.DCSID=7
Spot7.Type=HardenedAirShelter
Spot16.Coordinates=-258795.28937031,38934.541155834
Spot16.DCSID=16
Spot16.Type=HardenedAirShelter
Spot17.Coordinates=-258763.07075377,38944.221565026
Spot17.DCSID=17
Spot17.Type=HardenedAirShelter
Spot6.Coordinates=-258970.98292467,38643.080169036 
Spot6.DCSID=6
Spot6.Type=HardenedAirShelter
Spot5.Coordinates=-258937.33887103,38642.081586503 
Spot5.DCSID=5
Spot5.Type=HardenedAirShelter
Spot13.Coordinates=-257847.56252391,41656.104955738
Spot13.DCSID=13
Spot13.Type=HardenedAirShelter
Spot12.Coordinates=-257816.70954194,41666.75760382
Spot12.DCSID=12
Spot12.Type=HardenedAirShelter
Spot10.Coordinates=-257264.2155963,41296.279129277
Spot10.DCSID=10
Spot10.Type=HardenedAirShelter
Spot11.Coordinates=-257270.379351,41328.530107474
Spot11.DCSID=11
Spot11.Type=HardenedAirShelter
Spot15.Coordinates=-257669.47519086,41949.76662711
Spot15.DCSID=15
Spot15.Type=HardenedAirShelter
Spot14.Coordinates=-257638.03122609,41946.18338507
Spot14.DCSID=14
Spot14.Type=HardenedAirShelter
Spot8.Coordinates=-257082.08635486,41580.370427856
Spot8.DCSID=8
Spot8.Type=HardenedAirShelter
Spot9.Coordinates=-257099.957737,41608.083691283
Spot9.DCSID=9
Spot9.Type=HardenedAirShelter