[Airbase]
Theater=Syria
ATC=250.600/119.900
Coalition=Blue
Coordinates=-266879.71875,-71994.765625
DCSID=24
Elevation=55
Flags=
ILS=-
Name=Megiddo
Runways=9-27
TACAN=-

[RunwaySpawns]
Spot1.Coordinates=-267020.375,-70141.109375
Spot1.DCSID=10
Spot2.Coordinates=-266909.65625,-71996.5546875
Spot2.DCSID=0

[Parking]
Spot1.Coordinates=-267257.4375,-70506.171875
Spot1.DCSID=9
Spot1.Type=OpenAirSpawn
Spot2.Coordinates=-266966.875,-72279.890625
Spot2.DCSID=8
Spot2.Type=AirplaneOnly
Spot3.Coordinates=-266966.90625,-72310.21875
Spot3.DCSID=7
Spot3.Type=AirplaneOnly
Spot4.Coordinates=-266767.5625,-70758.78125
Spot4.DCSID=6
Spot4.Type=OpenAirSpawn
Spot5.Coordinates=-266786.25,-70749.25
Spot5.DCSID=5
Spot5.Type=OpenAirSpawn
Spot6.Coordinates=-266806.90625,-70738.5625
Spot6.DCSID=4
Spot6.Type=OpenAirSpawn
Spot7.Coordinates=-266827.6875,-70726.078125
Spot7.DCSID=3
Spot7.Type=OpenAirSpawn
Spot8.Coordinates=-266846.3125,-70716.65625
Spot8.DCSID=2
Spot8.Type=OpenAirSpawn
Spot9.Coordinates=-266866.625,-70705.734375
Spot9.DCSID=1
Spot9.Type=OpenAirSpawn

