[Airbase]
Theater=Syria
ATC=251.000/120.500
Coalition=Red
Coordinates=125973.7265625,154204.90234375
DCSID=31
Elevation=366
Flags=Military
ILS=-
Name=Kuweires
Runways=10-28
TACAN=-

[RunwaySpawns]
Spot1.Coordinates=125556.71875,156192.71484375
Spot1.DCSID=1
Spot2.Coordinates=125944.28125,154199.18359375
Spot2.DCSID=0

[Parking]
Spot1.Coordinates=126215.453125,153959.57421875
Spot1.DCSID=38
Spot1.Type=AirplaneOnly
Spot2.Coordinates=126182.0234375,154080.10546875
Spot2.DCSID=37
Spot2.Type=AirplaneOnly
Spot3.Coordinates=126121.8515625,154244.07421875
Spot3.DCSID=36
Spot3.Type=AirplaneOnly
Spot4.Coordinates=126068.578125,154505.88671875
Spot4.DCSID=35
Spot4.Type=AirplaneOnly
Spot5.Coordinates=126278.0078125,154631.69921875
Spot5.DCSID=34
Spot5.Type=AirplaneOnly
Spot6.Coordinates=126332.765625,155001.65234375
Spot6.DCSID=33
Spot6.Type=AirplaneOnly
Spot7.Coordinates=125862.28125,156055.68359375
Spot7.DCSID=32
Spot7.Type=AirplaneOnly
Spot8.Coordinates=125732.046875,156694.27734375
Spot8.DCSID=31
Spot8.Type=AirplaneOnly
Spot9.Coordinates=125618.75,156673.51171875
Spot9.DCSID=30
Spot9.Type=AirplaneOnly
Spot10.Coordinates=125166.546875,156527.85546875
Spot10.DCSID=29
Spot10.Type=AirplaneOnly
Spot11.Coordinates=125165.421875,156498.10546875
Spot11.DCSID=28
Spot11.Type=AirplaneOnly
Spot12.Coordinates=125899.0078125,154014.85546875
Spot12.DCSID=27
Spot12.Type=OpenAirSpawn
Spot13.Coordinates=125880.703125,154011.43359375
Spot13.DCSID=26
Spot13.Type=OpenAirSpawn
Spot14.Coordinates=125862.78125,154008.38671875
Spot14.DCSID=25
Spot14.Type=OpenAirSpawn
Spot15.Coordinates=125844.3671875,154004.71484375
Spot15.DCSID=24
Spot15.Type=OpenAirSpawn
Spot16.Coordinates=125826.6328125,154000.98046875
Spot16.DCSID=23
Spot16.Type=OpenAirSpawn
Spot17.Coordinates=125808.53125,153996.54296875
Spot17.DCSID=22
Spot17.Type=OpenAirSpawn
Spot18.Coordinates=125420.671875,154588.73046875
Spot18.DCSID=21
Spot18.Type=OpenAirSpawn
Spot19.Coordinates=125415.3828125,154615.82421875
Spot19.DCSID=20
Spot19.Type=OpenAirSpawn
Spot20.Coordinates=125399.6953125,154697.32421875
Spot20.DCSID=19
Spot20.Type=OpenAirSpawn
Spot21.Coordinates=125405.0390625,154670.16796875
Spot21.DCSID=18
Spot21.Type=OpenAirSpawn
Spot22.Coordinates=125410.25,154643.07421875
Spot22.DCSID=17
Spot22.Type=OpenAirSpawn
Spot23.Coordinates=125383.78125,154778.85546875
Spot23.DCSID=16
Spot23.Type=OpenAirSpawn
Spot24.Coordinates=125389.015625,154751.57421875
Spot24.DCSID=15
Spot24.Type=OpenAirSpawn
Spot25.Coordinates=125394.359375,154724.54296875
Spot25.DCSID=14
Spot25.Type=OpenAirSpawn
Spot26.Coordinates=125373.2578125,154833.08984375
Spot26.DCSID=13
Spot26.Type=OpenAirSpawn
Spot27.Coordinates=125378.5625,154805.90234375
Spot27.DCSID=12
Spot27.Type=OpenAirSpawn
Spot28.Coordinates=125426.0078125,154561.54296875
Spot28.DCSID=11
Spot28.Type=OpenAirSpawn
Spot29.Coordinates=125431.21875,154534.40234375
Spot29.DCSID=10
Spot29.Type=OpenAirSpawn
Spot30.Coordinates=125436.390625,154507.37109375
Spot30.DCSID=9
Spot30.Type=OpenAirSpawn
Spot31.Coordinates=125441.7421875,154480.04296875
Spot31.DCSID=8
Spot31.Type=OpenAirSpawn
Spot32.Coordinates=125447.1171875,154453.02734375
Spot32.DCSID=7
Spot32.Type=OpenAirSpawn
Spot33.Coordinates=125452.3125,154425.83984375
Spot33.DCSID=6
Spot33.Type=OpenAirSpawn
Spot34.Coordinates=125457.6171875,154398.65234375
Spot34.DCSID=5
Spot34.Type=OpenAirSpawn
Spot35.Coordinates=125462.7734375,154371.55859375
Spot35.DCSID=4
Spot35.Type=OpenAirSpawn
Spot36.Coordinates=125468.0390625,154344.30859375
Spot36.DCSID=3
Spot36.Type=OpenAirSpawn
Spot37.Coordinates=125473.4453125,154317.29296875
Spot37.DCSID=2
Spot37.Type=OpenAirSpawn

