[Airbase]
Theater=Syria
ATC=252.300/122.100
Coalition=Blue
Coordinates=-295091.03125,295237.5
DCSID=57
Elevation=908
Flags=
ILS=-
Name=Ruwayshid
Runways=27-9
RunwayLengthFt=7179
TACAN=

[Parking]
Spot1.Coordinates=-295091.03125,295237.5
Spot1.DCSID=25
Spot1.Type=OpenAirSpawn
Spot2.Coordinates=-295095.1875,295277.21875
Spot2.DCSID=24
Spot2.Type=OpenAirSpawn
Spot3.Coordinates=-295098.84375,295317.5625
Spot3.DCSID=23
Spot3.Type=OpenAirSpawn
Spot4.Coordinates=-295102.75,295357.4375
Spot4.DCSID=22
Spot4.Type=OpenAirSpawn
Spot5.Coordinates=-295107.90625,295397.15625
Spot5.DCSID=21
Spot5.Type=OpenAirSpawn
Spot6.Coordinates=-295111.53125,295437.40625
Spot6.DCSID=20
Spot6.Type=OpenAirSpawn
Spot7.Coordinates=-295116.28125,295477.6875
Spot7.DCSID=19
Spot7.Type=OpenAirSpawn
Spot8.Coordinates=-295119.9375,295516.9375
Spot8.DCSID=18
Spot8.Type=OpenAirSpawn
Spot9.Coordinates=-295196.0625,295509.6875
Spot9.DCSID=17
Spot9.Type=OpenAirSpawn
Spot10.Coordinates=-295192.25,295469.625
Spot10.DCSID=16
Spot10.Type=OpenAirSpawn
Spot11.Coordinates=-295188.40625,295429.75
Spot11.DCSID=15
Spot11.Type=OpenAirSpawn
Spot12.Coordinates=-295184.21875,295389.65625
Spot12.DCSID=14
Spot12.Type=OpenAirSpawn
Spot13.Coordinates=-295179.75,295349.75
Spot13.DCSID=13
Spot13.Type=OpenAirSpawn
Spot14.Coordinates=-295176.09375,295309.71875
Spot14.DCSID=12
Spot14.Type=OpenAirSpawn
Spot15.Coordinates=-295172.34375,295269.5
Spot15.DCSID=11
Spot15.Type=OpenAirSpawn
Spot16.Coordinates=-295168.625,295229.5
Spot16.DCSID=10
Spot16.Type=OpenAirSpawn
Spot19.Coordinates=-294132.125,293784.09375
Spot19.DCSID=7
Spot19.Type=AirplaneOnly
Spot20.Coordinates=-294674.125,293732.90625
Spot20.DCSID=6
Spot20.Type=AirplaneOnly
Spot21.Coordinates=-294834.34375,296480.59375
Spot21.DCSID=5
Spot21.Type=AirplaneOnly
Spot22.Coordinates=-294517.5,296512.875
Spot22.DCSID=4
Spot22.Type=AirplaneOnly
Spot23.Coordinates=-294932.75,296355.34375
Spot23.DCSID=3
Spot23.Type=AirplaneOnly
Spot24.Coordinates=-294550.21875,293628.875
Spot24.DCSID=2
Spot24.Type=AirplaneOnly
Spot25.Coordinates=-294395.71875,296409.0625
Spot25.DCSID=1
Spot25.Type=AirplaneOnly
Spot26.Coordinates=-294232.71875,293663.8125
Spot26.DCSID=0
Spot26.Type=AirplaneOnly

