[Airbase]
Theater=Syria
ATC=251.500/120.500
Coalition=Red
Coordinates=-58907.53125,157071.484375
DCSID=39
Elevation=6
Flags=
ILS=-
Name=Tiyas
Runways=27-9
TACAN=-

[RunwaySpawns]
Spot1.Coordinates=-58907.53125,157071.484375
Spot1.DCSID=0


[Parking]
Spot23.Coordinates=-58491.66796875,158067.65625
Spot23.DCSID=23
Spot23.Type=OpenAirSpawn
Spot24.Coordinates=-58491.64453125,158105.265625
Spot24.DCSID=24
Spot24.Type=OpenAirSpawn
Spot25.Coordinates=-58491.85546875,158141.3125
Spot25.DCSID=25
Spot25.Type=OpenAirSpawn
Spot26.Coordinates=-58492.15625,158179.0625
Spot26.DCSID=26
Spot26.Type=OpenAirSpawn
Spot27.Coordinates=-58492.2890625,158216.21875
Spot27.DCSID=27
Spot27.Type=OpenAirSpawn
Spot28.Coordinates=-58492.0703125,158253.5
Spot28.DCSID=28
Spot28.Type=OpenAirSpawn
Spot29.Coordinates=-58492.26171875,158290.625
Spot29.DCSID=29
Spot29.Type=OpenAirSpawn
Spot30.Coordinates=-58492.1875,158328.25
Spot30.DCSID=30
Spot30.Type=OpenAirSpawn
Spot31.Coordinates=-58492.21875,158365.5
Spot31.DCSID=31
Spot31.Type=OpenAirSpawn
Spot32.Coordinates=-58492.3359375,158402.625
Spot32.DCSID=32
Spot32.Type=OpenAirSpawn
Spot33.Coordinates=-58492.453125,158440.09375
Spot33.DCSID=33
Spot33.Type=OpenAirSpawn
Spot34.Coordinates=-58492.34765625,158477.265625
Spot34.DCSID=34
Spot34.Type=OpenAirSpawn
Spot35.Coordinates=-58492.3515625,158514
Spot35.DCSID=35
Spot35.Type=OpenAirSpawn
Spot83.Coordinates=-59345.84765625,158705.34375
Spot83.DCSID=83
Spot83.Type=OpenAirSpawn
Spot82.Coordinates=-59395.19140625,158705.203125
Spot82.DCSID=82
Spot82.Type=OpenAirSpawn
Spot81.Coordinates=-59444.80078125,158705.15625
Spot81.DCSID=81
Spot81.Type=OpenAirSpawn
Spot80.Coordinates=-59494.61328125,158705.765625
Spot80.DCSID=80
Spot80.Type=OpenAirSpawn
Spot79.Coordinates=-59543.53125,158705.453125
Spot79.DCSID=79
Spot79.Type=OpenAirSpawn
Spot77.Coordinates=-59595.51953125,158705.75
Spot77.DCSID=77
Spot77.Type=OpenAirSpawn
Spot68.Coordinates=-58703.1484375,155529.921875
Spot68.DCSID=68
Spot68.Type=OpenAirSpawn
Spot69.Coordinates=-58732,155529.640625
Spot69.DCSID=69
Spot69.Type=OpenAirSpawn
Spot70.Coordinates=-58759.515625,155529.625
Spot70.DCSID=70
Spot70.Type=OpenAirSpawn
Spot76.Coordinates=-58786.37890625,155529.75
Spot76.DCSID=76
Spot76.Type=OpenAirSpawn
Spot71.Coordinates=-58434.25390625,154618.546875
Spot71.DCSID=71
Spot71.Type=OpenAirSpawn
Spot72.Coordinates=-58453.59765625,154612.375
Spot72.DCSID=72
Spot72.Type=OpenAirSpawn
Spot73.Coordinates=-58471.8125,154605.875
Spot73.DCSID=73
Spot73.Type=OpenAirSpawn
Spot74.Coordinates=-58489.25390625,154599.265625
Spot74.DCSID=74
Spot74.Type=OpenAirSpawn
Spot75.Coordinates=-58507.77734375,154592.0625
Spot75.DCSID=75