[Airbase]
Theater=Syria
ATC=4.350/39.60 119.20/251.20
Coalition=Red
Coordinates=-78550.6328125,22235.126953125
DCSID=32
Elevation=195
Flags=
ILS=-
Name=Argentan
Runways=12-30
TACAN=-

[RunwaySpawns]
Spot1.Coordinates=-79038.828125,23109.466796875
Spot1.DCSID=1
Spot2.Coordinates=-78577.25,22221.29296875
Spot2.DCSID=0

[Parking]
Spot1.Coordinates=-78665.2421875,22267.8203125
Spot1.DCSID=33
Spot1.type=OpenAirSpawn
Spot2.Coordinates=-78653.328125,22243.2578125
Spot2.DCSID=32
Spot2.type=OpenAirSpawn
Spot3.Coordinates=-78641.609375,22218.23046875
Spot3.DCSID=31
Spot3.type=OpenAirSpawn
Spot4.Coordinates=-78629.296875,22192.763671875
Spot4.DCSID=30
Spot4.type=OpenAirSpawn
Spot5.Coordinates=-78660.2890625,22175.509765625
Spot5.DCSID=29
Spot5.type=OpenAirSpawn
Spot6.Coordinates=-78672.3125,22200.0234375
Spot6.DCSID=28
Spot6.type=OpenAirSpawn
Spot7.Coordinates=-78684.09375,22224.99609375
Spot7.DCSID=27
Spot7.type=OpenAirSpawn
Spot8.Coordinates=-79023.0859375,22777.0234375
Spot8.DCSID=26
Spot8.type=AirplaneOnly
Spot9.Coordinates=-79003.0703125,22730.541015625
Spot9.DCSID=25
Spot9.type=AirplaneOnly
Spot10.Coordinates=-78983.4296875,22683.083984375
Spot10.DCSID=24
Spot10.type=AirplaneOnly
Spot11.Coordinates=-78965.734375,22635.462890625
Spot11.DCSID=23
Spot11.type=AirplaneOnly
Spot12.Coordinates=-78837.6953125,22335.0390625
Spot12.DCSID=22
Spot12.type=AirplaneOnly
Spot13.Coordinates=-78817.9609375,22287.451171875
Spot13.DCSID=21
Spot13.type=AirplaneOnly
Spot14.Coordinates=-79112.8984375,22993.994140625
Spot14.DCSID=20
Spot14.type=OpenAirSpawn
Spot15.Coordinates=-79104.09375,22977.30859375
Spot15.DCSID=19
Spot15.type=OpenAirSpawn
Spot16.Coordinates=-79095.421875,22960.9765625
Spot16.DCSID=18
Spot16.type=OpenAirSpawn
Spot17.Coordinates=-79087.015625,22944.654296875
Spot17.DCSID=17
Spot17.type=OpenAirSpawn
Spot18.Coordinates=-79078.2265625,22928.205078125
Spot18.DCSID=16
Spot18.type=OpenAirSpawn
Spot19.Coordinates=-79070.28125,22911.47265625
Spot19.DCSID=15
Spot19.type=OpenAirSpawn
Spot20.Coordinates=-79061.765625,22895.193359375
Spot20.DCSID=14
Spot20.type=OpenAirSpawn
Spot21.Coordinates=-79053.1015625,22878.84765625
Spot21.DCSID=13
Spot21.type=OpenAirSpawn
Spot22.Coordinates=-79044.71875,22862.521484375
Spot22.DCSID=12
Spot22.type=OpenAirSpawn
Spot23.Coordinates=-79035.8203125,22846.068359375
Spot23.DCSID=11
Spot23.type=OpenAirSpawn
Spot24.Coordinates=-79027.3203125,22829.88671875
Spot24.DCSID=10
Spot24.type=OpenAirSpawn
Spot25.Coordinates=-78935.6875,23066.953125
Spot25.DCSID=9
Spot25.type=OpenAirSpawn
Spot26.Coordinates=-78696.5,22250.4296875
Spot26.DCSID=8
Spot26.type=OpenAirSpawn
Spot27.Coordinates=-78942.7265625,23084.06640625
Spot27.DCSID=7
Spot27.type=OpenAirSpawn
Spot28.Coordinates=-78951.0234375,23100.654296875
Spot28.DCSID=6
Spot28.type=OpenAirSpawn
Spot29.Coordinates=-78959.5390625,23117.064453125
Spot29.DCSID=5
Spot29.type=OpenAirSpawn
Spot30.Coordinates=-78967.8125,23133.4765625
Spot30.DCSID=4
Spot30.type=OpenAirSpawn
Spot31.Coordinates=-78976.5390625,23149.994140625
Spot31.DCSID=3
Spot31.type=OpenAirSpawn
Spot32.Coordinates=-78984.9453125,23166.23046875
Spot32.DCSID=2
Spot32.type=OpenAirSpawn

