[Airbase]
Theater=Syria
ATC=251.700/128.0
Coalition=Blue
Coordinates=-35778.628906,-268906.125
DCSID=44
Elevation=20
Flags=NearWater
ILS=RNY 28/109.70/291˚
Name=Akrotiri
Runways=10-28
TACAN=107X

[RunwaySpawns]
Spot2.Coordinates=-35778.628906,-268906.125
Spot2.DCSID=0

[Parking]
Spot35.Coordinates=-35829.125,-269466.0625
Spot35.DCSID=35
Spot35.Type=HelicopterOnly
Spot36.Coordinates=-35799.9375,-269506.875
Spot36.DCSID=36
Spot36.Type=HelicopterOnly
Spot34.Coordinates=-35856.09765625,-269529.15625
Spot34.DCSID=34
Spot34.Type=HelicopterOnly
Spot33.Coordinates=-35850.76953125,-269570.46875
Spot33.DCSID=33
Spot33.Type=HelicopterOnly
Spot30.Coordinates=-35993.66796875,-269122.96875
Spot30.DCSID=30
Spot30.Type=OpenAirSpawn
Spot31.Coordinates=-36118.73828125,-269053.125
Spot31.DCSID=31
Spot31.Type=OpenAirSpawn
Spot37.Coordinates=-35930.82421875,-269264.65625
Spot37.DCSID=37
Spot37.Type=OpenAirSpawn
Spot32.Coordinates=-35896.09765625,-269326.25
Spot32.DCSID=32
Spot32.Type=OpenAirSpawn
Spot2.Coordinates=-36358.76953125,-268523
Spot2.DCSID=2
Spot2.Type=OpenAirSpawn
Spot3.Coordinates=-36311.9140625,-268418.15625
Spot3.DCSID=3
Spot3.Type=OpenAirSpawn
Spot4.Coordinates=-36463.01171875,-268475.6875
Spot4.DCSID=4
Spot4.Type=OpenAirSpawn
Spot5.Coordinates=-36415.34375,-268371.5625
Spot5.DCSID=5
Spot5.Type=OpenAirSpawn
Spot6.Coordinates=-36517.71875,-268123.6875
Spot6.DCSID=6
Spot6.Type=OpenAirSpawn
Spot7.Coordinates=-36463.98828125,-268079.03125
Spot7.DCSID=7
Spot7.Type=OpenAirSpawn
Spot9.Coordinates=-36599.19921875,-268016.65625
Spot9.DCSID=9
Spot9.Type=OpenAirSpawn
Spot8.Coordinates=-36546.91796875,-267976.25
Spot8.DCSID=8
Spot8.Type=OpenAirSpawn
Spot19.Coordinates=-36518.046875,-267725.15625
Spot19.DCSID=19
Spot19.Type=OpenAirSpawn
Spot10.Coordinates=-36802.859375,-267884.90625
Spot10.DCSID=10
Spot10.Type=OpenAirSpawn
Spot20.Coordinates=-36541.75,-267715.15625
Spot20.DCSID=20
Spot20.Type=OpenAirSpawn
Spot12.Coordinates=-36896.84375,-267950.6875
Spot12.DCSID=12
Spot12.Type=OpenAirSpawn
Spot18.Coordinates=-36566.1484375,-267705.40625
Spot18.DCSID=18
Spot18.Type=OpenAirSpawn
Spot21.Coordinates=-36591.25,-267694.90625
Spot21.DCSID=21
Spot21.Type=OpenAirSpawn
Spot41.Coordinates=-35731.87890625,-270189.125
Spot41.DCSID=41
Spot41.Type=OpenAirSpawn
Spot40.Coordinates=-35626.7265625,-270167.78125
Spot40.DCSID=40
Spot40.Type=OpenAirSpawn
Spot17.Coordinates=-36613.4140625,-267683.5625
Spot17.DCSID=17
Spot17.Type=OpenAirSpawn
Spot45.Coordinates=-35565.3203125,-270496.90625
Spot45.DCSID=45
Spot45.Type=OpenAirSpawn
Spot43.Coordinates=-35434.07421875,-270485.0625
Spot43.DCSID=43
Spot43.Type=OpenAirSpawn
Spot44.Coordinates=-35555.16796875,-270636.96875
Spot44.DCSID=44
Spot44.Type=OpenAirSpawn
Spot42.Coordinates=-35430.03515625,-270624.6875
Spot42.DCSID=42
Spot42.Type=OpenAirSpawn
Spot13.Coordinates=-36961.92578125,-267856.5
Spot13.DCSID=13
Spot13.Type=OpenAirSpawn
Spot11.Coordinates=-36867.51953125,-267791.75
Spot11.DCSID=11
Spot11.Type=OpenAirSpawn
Spot22.Coordinates=-36641.578125,-267672.15625
Spot22.DCSID=22
Spot22.Type=OpenAirSpawn
Spot16.Coordinates=-36672.859375,-267659.40625
Spot16.DCSID=16
Spot16.Type=OpenAirSpawn
Spot23.Coordinates=-36696.8046875,-267647.9375
Spot23.DCSID=23
Spot23.Type=OpenAirSpawn
Spot14.Coordinates=-36835.4609375,-267695.25
Spot14.DCSID=14
Spot14.Type=OpenAirSpawn
Spot15.Coordinates=-36719.609375,-267636.9375
Spot15.DCSID=15
Spot15.Type=OpenAirSpawn
Spot38.Coordinates=-37085.125,-267803.09375
Spot38.DCSID=38
Spot38.Type=OpenAirSpawn
Spot24.Coordinates=-36742.90625,-267627.0625
Spot24.DCSID=24
Spot24.Type=OpenAirSpawn
Spot39.Coordinates=-37057.3359375,-267543.9375
Spot39.DCSID=39
Spot39.Type=OpenAirSpawn
