[Airbase]
Theater=Syria
ATC=250.200/118.100
Coalition=Red
Coordinates=115011.3671875,188318.29296875
DCSID=17
Elevation=356
Flags=Military
ILS=-
Name=Jirah
Runways=28-10
TACAN=-

[Parking]
Spot3.Coordinates=115201.296875,188650.59375
Spot3.DCSID=27
Spot3.Type=HardenedAirShelter
Spot4.Coordinates=114916.1015625,188617.359375
Spot4.DCSID=26
Spot4.Type=AirplaneOnly
Spot5.Coordinates=114970.328125,188493.078125
Spot5.DCSID=25
Spot5.Type=OpenAirSpawn
Spot6.Coordinates=115360.2109375,188654.09375
Spot6.DCSID=24
Spot6.Type=HardenedAirShelter
Spot7.Coordinates=115666.921875,187660.171875
Spot7.DCSID=23
Spot7.Type=HardenedAirShelter
Spot8.Coordinates=115598.4921875,188546.25
Spot8.DCSID=22
Spot8.Type=OpenAirSpawn
Spot9.Coordinates=115476.65625,188641.28125
Spot9.DCSID=21
Spot9.Type=OpenAirSpawn
Spot10.Coordinates=115488.7109375,187471.15625
Spot10.DCSID=20
Spot10.Type=HardenedAirShelter
Spot11.Coordinates=115390.9375,188318.203125
Spot11.DCSID=19
Spot11.Type=HardenedAirShelter
Spot12.Coordinates=114886.15625,188621.90625
Spot12.DCSID=18
Spot12.Type=AirplaneOnly
Spot13.Coordinates=114899.359375,187879.53125
Spot13.DCSID=17
Spot13.Type=HardenedAirShelter
Spot14.Coordinates=114965.78125,188002.296875
Spot14.DCSID=16
Spot14.Type=OpenAirSpawn
Spot15.Coordinates=115033.0234375,187674.25
Spot15.DCSID=15
Spot15.Type=HardenedAirShelter
Spot16.Coordinates=114820.4765625,188414.484375
Spot16.DCSID=14
Spot16.Type=OpenAirSpawn
Spot17.Coordinates=114840.78125,188132.8125
Spot17.DCSID=13
Spot17.Type=OpenAirSpawn
Spot18.Coordinates=115387.28125,187936.125
Spot18.DCSID=12
Spot18.Type=HardenedAirShelter
Spot19.Coordinates=115610.015625,188144.40625
Spot19.DCSID=11
Spot19.Type=HardenedAirShelter
Spot20.Coordinates=115500.3046875,187918.171875
Spot20.DCSID=10
Spot20.Type=HardenedAirShelter
Spot21.Coordinates=115265.5078125,188356.421875
Spot21.DCSID=9
Spot21.Type=OpenAirSpawn
Spot22.Coordinates=115269.9921875,188332.75
Spot22.DCSID=8
Spot22.Type=OpenAirSpawn
Spot23.Coordinates=115274.96875,188308.09375
Spot23.DCSID=7
Spot23.Type=OpenAirSpawn
Spot24.Coordinates=115261.1953125,188381.796875
Spot24.DCSID=6
Spot24.Type=OpenAirSpawn
Spot25.Coordinates=115242.3671875,188480.90625
Spot25.DCSID=5
Spot25.Type=OpenAirSpawn
Spot26.Coordinates=115237.7109375,188505.8125
Spot26.DCSID=4
Spot26.Type=OpenAirSpawn
Spot27.Coordinates=115233.203125,188529.59375
Spot27.DCSID=3
Spot27.Type=OpenAirSpawn
Spot28.Coordinates=115256.4296875,188406.671875
Spot28.DCSID=2
Spot28.Type=OpenAirSpawn
Spot29.Coordinates=115247.0625,188456.609375
Spot29.DCSID=1
Spot29.Type=OpenAirSpawn
Spot30.Coordinates=115251.65625,188431.671875
Spot30.DCSID=0
Spot30.Type=OpenAirSpawn

