[Airbase]
Theater=Syria
ATC=251.050/118.600
Coalition=Blue
Coordinates=-259157.734375,-76920.18359375
DCSID=30
Elevation=32
Flags=Military,NearWater
ILS=-
Name=Ramat David
Runways=9-27
RunwayLengthFt=7037
TACAN=-

[Parking]
Spot1.Coordinates=-259899.4375,-74221.8125
Spot1.DCSID=47
Spot1.Type=AirplaneOnly
Spot2.Coordinates=-259878.71875,-74210.53125
Spot2.DCSID=46
Spot2.Type=AirplaneOnly
Spot3.Coordinates=-259919.453125,-74234.0234375
Spot3.DCSID=45
Spot3.Type=AirplaneOnly
Spot4.Coordinates=-259939.59375,-74245.90625
Spot4.DCSID=44
Spot4.Type=AirplaneOnly
Spot5.Coordinates=-259959.875,-74257.828125
Spot5.DCSID=43
Spot5.Type=AirplaneOnly
Spot6.Coordinates=-258763.28125,-75079.2890625
Spot6.DCSID=42
Spot6.Type=OpenAirSpawn
Spot7.Coordinates=-258765.28125,-75105.5
Spot7.DCSID=41
Spot7.Type=OpenAirSpawn
Spot8.Coordinates=-258767.265625,-75132.0078125
Spot8.DCSID=40
Spot8.Type=OpenAirSpawn
Spot9.Coordinates=-258769.078125,-75158.296875
Spot9.DCSID=39
Spot9.Type=OpenAirSpawn
Spot10.Coordinates=-258770.765625,-75185.6875
Spot10.DCSID=38
Spot10.Type=OpenAirSpawn
Spot11.Coordinates=-259269.84375,-75576.8203125
Spot11.DCSID=37
Spot11.Type=AirplaneOnly
Spot12.Coordinates=-259277.3125,-75543.53125
Spot12.DCSID=36
Spot12.Type=AirplaneOnly
Spot13.Coordinates=-259802.6875,-75081.9296875
Spot13.DCSID=35
Spot13.Type=AirplaneOnly
Spot14.Coordinates=-259785.734375,-75052.375
Spot14.DCSID=34
Spot14.Type=AirplaneOnly
Spot15.Coordinates=-259567.296875,-75468.484375
Spot15.DCSID=33
Spot15.Type=AirplaneOnly
Spot16.Coordinates=-259545.140625,-75441.203125
Spot16.DCSID=32
Spot16.Type=AirplaneOnly
Spot17.Coordinates=-259999.78125,-74810.203125
Spot17.DCSID=31
Spot17.Type=AirplaneOnly
Spot18.Coordinates=-259974.390625,-74785.578125
Spot18.DCSID=30
Spot18.Type=AirplaneOnly
Spot19.Coordinates=-258394.875,-75913.296875
Spot19.DCSID=29
Spot19.Type=AirplaneOnly
Spot20.Coordinates=-258415.015625,-76203.28125
Spot20.DCSID=28
Spot20.Type=AirplaneOnly
Spot21.Coordinates=-258390.296875,-76228.515625
Spot21.DCSID=27
Spot21.Type=AirplaneOnly
Spot22.Coordinates=-258909.03125,-74462.171875
Spot22.DCSID=26
Spot22.Type=OpenAirSpawn
Spot23.Coordinates=-258892.796875,-74483.296875
Spot23.DCSID=25
Spot23.Type=OpenAirSpawn
Spot24.Coordinates=-259322.9375,-74411.125
Spot24.DCSID=24
Spot24.Type=AirplaneOnly
Spot25.Coordinates=-259535.546875,-74323.1484375
Spot25.DCSID=23
Spot25.Type=AirplaneOnly
Spot26.Coordinates=-259876.1875,-74352.453125
Spot26.DCSID=22
Spot26.Type=AirplaneOnly
Spot27.Coordinates=-259300.5,-74383.8203125
Spot27.DCSID=21
Spot27.Type=AirplaneOnly
Spot28.Coordinates=-259533.484375,-74288.09375
Spot28.DCSID=20
Spot28.Type=AirplaneOnly
Spot29.Coordinates=-259885.6875,-74320.171875
Spot29.DCSID=19
Spot29.Type=AirplaneOnly
Spot30.Coordinates=-258360.25,-75909.640625
Spot30.DCSID=18
Spot30.Type=AirplaneOnly
Spot31.Coordinates=-258840.78125,-76822.9375
Spot31.DCSID=17
Spot31.Type=AirplaneOnly
Spot32.Coordinates=-258823.6875,-76847.84375
Spot32.DCSID=16
Spot32.Type=AirplaneOnly
Spot33.Coordinates=-258874.171875,-74506.359375
Spot33.DCSID=15
Spot33.Type=OpenAirSpawn
Spot34.Coordinates=-258858.09375,-74527.859375
Spot34.DCSID=14
Spot34.Type=OpenAirSpawn
Spot35.Coordinates=-258841.953125,-74549.3671875
Spot35.DCSID=13
Spot35.Type=OpenAirSpawn
Spot36.Coordinates=-258826.5625,-74570.46875
Spot36.DCSID=12
Spot36.Type=OpenAirSpawn
Spot37.Coordinates=-258684.96875,-74703.0078125
Spot37.DCSID=11
Spot37.Type=OpenAirSpawn
Spot38.Coordinates=-258928.6875,-75672.6171875
Spot38.DCSID=10
Spot38.Type=AirplaneOnly
Spot39.Coordinates=-258929.875,-75696.2421875
Spot39.DCSID=9
Spot39.Type=AirplaneOnly
Spot40.Coordinates=-258930.84375,-75719.875
Spot40.DCSID=8
Spot40.Type=AirplaneOnly
Spot41.Coordinates=-258932.171875,-75743.546875
Spot41.DCSID=7
Spot41.Type=AirplaneOnly
Spot42.Coordinates=-258930.734375,-75766.90625
Spot42.DCSID=6
Spot42.Type=AirplaneOnly

