[Airbase]
Theater=Syria
ATC=250.800/121.900
Coalition=Red
Coordinates=-55668.36328125,221380.29296875
DCSID=28
Elevation=386
Flags=Military
ILS=-
Name=Palmyra
Runways=26-8
TACAN=-

[RunwaySpawns]
Spot1.Coordinates=-55890.328125,218736.30859375
Spot1.DCSID=1
Spot2.Coordinates=-55638.5,221377.44921875
Spot2.DCSID=0

[Parking]
Spot1.Coordinates=-55414.31640625,221588.32421875
Spot1.DCSID=23
Spot1.Type=AirplaneOnly
Spot2.Coordinates=-55216.34375,221688.19921875
Spot2.DCSID=22
Spot2.Type=AirplaneOnly
Spot3.Coordinates=-55459.01171875,221411.87109375
Spot3.DCSID=21
Spot3.Type=OpenAirSpawn
Spot4.Coordinates=-55462.92578125,221376.66796875
Spot4.DCSID=20
Spot4.Type=OpenAirSpawn
Spot5.Coordinates=-55396.609375,221465.65234375
Spot5.DCSID=19
Spot5.Type=AirplaneOnly
Spot6.Coordinates=-55399.24609375,221436.18359375
Spot6.DCSID=18
Spot6.Type=AirplaneOnly
Spot7.Coordinates=-55153.32421875,221318.08984375
Spot7.DCSID=17
Spot7.Type=AirplaneOnly
Spot8.Coordinates=-55376.3671875,221259.71484375
Spot8.DCSID=16
Spot8.Type=AirplaneOnly
Spot9.Coordinates=-55440.7265625,221143.62109375
Spot9.DCSID=15
Spot9.Type=AirplaneOnly
Spot10.Coordinates=-55456.140625,221006.80859375
Spot10.DCSID=14
Spot10.Type=AirplaneOnly
Spot11.Coordinates=-55274.9609375,220953.48046875
Spot11.DCSID=13
Spot11.Type=AirplaneOnly
Spot12.Coordinates=-55129.76171875,220666.48046875
Spot12.DCSID=12
Spot12.Type=AirplaneOnly
Spot13.Coordinates=-55179.9140625,220405.63671875
Spot13.DCSID=11
Spot13.Type=AirplaneOnly
Spot14.Coordinates=-55376.7578125,220171.08984375
Spot14.DCSID=10
Spot14.Type=AirplaneOnly
Spot15.Coordinates=-55454.19140625,219344.30859375
Spot15.DCSID=9
Spot15.Type=OpenAirSpawn
Spot16.Coordinates=-55458.40625,219298.48046875
Spot16.DCSID=8
Spot16.Type=OpenAirSpawn
Spot17.Coordinates=-55462.11328125,219254.77734375
Spot17.DCSID=7
Spot17.Type=OpenAirSpawn
Spot18.Coordinates=-55467.03515625,219209.76171875
Spot18.DCSID=6
Spot18.Type=OpenAirSpawn
Spot19.Coordinates=-55661.8359375,219028.35546875
Spot19.DCSID=5
Spot19.Type=AirplaneOnly
Spot20.Coordinates=-55662.42578125,218828.94921875
Spot20.DCSID=4
Spot20.Type=AirplaneOnly
Spot21.Coordinates=-55670.953125,218637.01171875
Spot21.DCSID=3
Spot21.Type=AirplaneOnly
Spot22.Coordinates=-55674.30859375,218608.43359375
Spot22.DCSID=2
Spot22.Type=AirplaneOnly

