[Airbase]
Theater=Syria
ATC=251.150/118.500
Coalition=Red
Coordinates=77009.4453125,242173.90234375
DCSID=37
Elevation=330
Flags=Military
ILS=-
Name=Tabqa
Runways=9-27
TACAN=-

[RunwaySpawns]
Spot1.Coordinates=76829.1015625,244922.44921875
Spot1.DCSID=21
Spot2.Coordinates=76979.4921875,242172.26171875
Spot2.DCSID=19

[Parking]
Spot1.Coordinates=77100.7421875,244949.38671875
Spot1.DCSID=30
Spot1.Type=OpenAirSpawn
Spot2.Coordinates=77102.078125,244922.15234375
Spot2.DCSID=29
Spot2.Type=OpenAirSpawn
Spot3.Coordinates=77103.15625,244893.18359375
Spot3.DCSID=28
Spot3.Type=OpenAirSpawn
Spot4.Coordinates=77105.1953125,244862.73046875
Spot4.DCSID=27
Spot4.Type=OpenAirSpawn
Spot5.Coordinates=77107.3359375,244832.62109375
Spot5.DCSID=26
Spot5.Type=OpenAirSpawn
Spot6.Coordinates=77109.1875,244802.80859375
Spot6.DCSID=25
Spot6.Type=OpenAirSpawn
Spot7.Coordinates=77339.7734375,242255.23046875
Spot7.DCSID=24
Spot7.Type=OpenAirSpawn
Spot8.Coordinates=77341.8203125,242220.05859375
Spot8.DCSID=23
Spot8.Type=OpenAirSpawn
Spot9.Coordinates=77368.0078125,244856.93359375
Spot9.DCSID=22
Spot9.Type=AirplaneOnly
Spot10.Coordinates=77344.0234375,242186.18359375
Spot10.DCSID=20
Spot10.Type=OpenAirSpawn
Spot11.Coordinates=77345.703125,242152.40234375
Spot11.DCSID=18
Spot11.Type=OpenAirSpawn
Spot12.Coordinates=77347.4140625,242116.35546875
Spot12.DCSID=17
Spot12.Type=OpenAirSpawn
Spot13.Coordinates=76646.6875,245174.96484375
Spot13.DCSID=16
Spot13.Type=AirplaneOnly
Spot14.Coordinates=76627.421875,245151.68359375
Spot14.DCSID=15
Spot14.Type=AirplaneOnly
Spot15.Coordinates=77310.0,241874.30859375
Spot15.DCSID=14
Spot15.Type=AirplaneOnly
Spot16.Coordinates=77225.5390625,245463.49609375
Spot16.DCSID=13
Spot16.Type=AirplaneOnly
Spot17.Coordinates=77324.796875,241900.85546875
Spot17.DCSID=12
Spot17.Type=AirplaneOnly
Spot18.Coordinates=77348.484375,245389.87109375
Spot18.DCSID=11
Spot18.Type=AirplaneOnly
Spot19.Coordinates=77403.203125,241988.71484375
Spot19.DCSID=10
Spot19.Type=AirplaneOnly
Spot20.Coordinates=77546.7421875,242180.08984375
Spot20.DCSID=9
Spot20.Type=AirplaneOnly
Spot21.Coordinates=77289.609375,245225.54296875
Spot21.DCSID=8
Spot21.Type=AirplaneOnly
Spot22.Coordinates=77291.734375,242567.60546875
Spot22.DCSID=7
Spot22.Type=AirplaneOnly
Spot23.Coordinates=77136.1796875,245248.01171875
Spot23.DCSID=6
Spot23.Type=AirplaneOnly
Spot24.Coordinates=77291.0,242597.51171875
Spot24.DCSID=5
Spot24.Type=AirplaneOnly
Spot25.Coordinates=77186.1015625,245062.63671875
Spot25.DCSID=4
Spot25.Type=AirplaneOnly
Spot26.Coordinates=77185.75,245032.23046875
Spot26.DCSID=3
Spot26.Type=AirplaneOnly
Spot27.Coordinates=77184.453125,244669.38671875
Spot27.DCSID=2
Spot27.Type=AirplaneOnly
Spot28.Coordinates=77299.2265625,244989.74609375
Spot28.DCSID=1
Spot28.Type=AirplaneOnly
Spot29.Coordinates=77162.0390625,244689.15234375
Spot29.DCSID=0
Spot29.Type=AirplaneOnly

