[Airbase]
Theater=Syria
ATC=251.400/118.900
Coalition=Red
Coordinates=-130242.5546875,-42336.796875
DCSID=6
Elevation=12
Flags=NearWater
ILS=109.50
Name=Beirut-Rafic Hariri
Runways=17-35
RunwayLengthFt=9463
TACAN=-

[Parking]
Spot1.Coordinates=-131036.6953125,-41967.3046875
Spot1.DCSID=46
Spot1.Type=HelicopterOnly
Spot2.Coordinates=-131094.75,-41968.39453125
Spot2.DCSID=45
Spot2.Type=HelicopterOnly
Spot3.Coordinates=-131153.453125,-41968.49609375
Spot3.DCSID=44
Spot3.Type=HelicopterOnly
Spot4.Coordinates=-130282.34375,-41894.3671875
Spot4.DCSID=43
Spot4.Type=OpenAirSpawn
Spot5.Coordinates=-130282.578125,-41938.73828125
Spot5.DCSID=42
Spot5.Type=OpenAirSpawn
Spot6.Coordinates=-130282.5546875,-41982.8046875
Spot6.DCSID=41
Spot6.Type=OpenAirSpawn
Spot7.Coordinates=-130609.5,-41896.37109375
Spot7.DCSID=40
Spot7.Type=AirplaneOnly
Spot8.Coordinates=-130541.8125,-41898.515625
Spot8.DCSID=39
Spot8.Type=AirplaneOnly
Spot9.Coordinates=-130462.0546875,-41805.5859375
Spot9.DCSID=38
Spot9.Type=AirplaneOnly
Spot10.Coordinates=-130463.078125,-41908.48828125
Spot10.DCSID=37
Spot10.Type=AirplaneOnly
Spot11.Coordinates=-130463.6171875,-41959.8828125
Spot11.DCSID=36
Spot11.Type=AirplaneOnly
Spot12.Coordinates=-130462.5234375,-41856.74609375
Spot12.DCSID=35
Spot12.Type=AirplaneOnly
Spot13.Coordinates=-130463.984375,-42011.3515625
Spot13.DCSID=34
Spot13.Type=AirplaneOnly
Spot14.Coordinates=-130291.90625,-41831.40234375
Spot14.DCSID=33
Spot14.Type=OpenAirSpawn
Spot15.Coordinates=-130282.5390625,-42027.1171875
Spot15.DCSID=32
Spot15.Type=OpenAirSpawn
Spot16.Coordinates=-131341.1875,-41978.55078125
Spot16.DCSID=31
Spot16.Type=OpenAirSpawn
Spot17.Coordinates=-131443.296875,-41976.9375
Spot17.DCSID=30
Spot17.Type=OpenAirSpawn
Spot18.Coordinates=-131499.8125,-41955.84375
Spot18.DCSID=29
Spot18.Type=OpenAirSpawn
Spot19.Coordinates=-131735.5,-41775.5625
Spot19.DCSID=28
Spot19.Type=OpenAirSpawn
Spot20.Coordinates=-131794.03125,-41787.97265625
Spot20.DCSID=27
Spot20.Type=OpenAirSpawn
Spot21.Coordinates=-131836.875,-41722.828125
Spot21.DCSID=26
Spot21.Type=OpenAirSpawn
Spot22.Coordinates=-131632.984375,-41746.84375
Spot22.DCSID=25
Spot22.Type=OpenAirSpawn
Spot23.Coordinates=-131682.609375,-41763.55859375
Spot23.DCSID=24
Spot23.Type=OpenAirSpawn
Spot24.Coordinates=-131706.84375,-41870.35546875
Spot24.DCSID=23
Spot24.Type=OpenAirSpawn
Spot25.Coordinates=-131650.390625,-41857.625
Spot25.DCSID=22
Spot25.Type=OpenAirSpawn
Spot26.Coordinates=-131595.9375,-41841.83984375
Spot26.DCSID=21
Spot26.Type=OpenAirSpawn
Spot27.Coordinates=-131674.96875,-41628.92578125
Spot27.DCSID=20
Spot27.Type=OpenAirSpawn
Spot28.Coordinates=-131620.078125,-41581.546875
Spot28.DCSID=19
Spot28.Type=OpenAirSpawn
Spot29.Coordinates=-131393.5625,-41979.4296875
Spot29.DCSID=18
Spot29.Type=OpenAirSpawn
Spot30.Coordinates=-131557.375,-41523.92578125
Spot30.DCSID=17
Spot30.Type=OpenAirSpawn
Spot31.Coordinates=-131488.5625,-41470.69140625
Spot31.DCSID=16
Spot31.Type=OpenAirSpawn
Spot32.Coordinates=-131725.765625,-41648.984375
Spot32.DCSID=15
Spot32.Type=OpenAirSpawn
Spot33.Coordinates=-131771.546875,-41667.3828125
Spot33.DCSID=14
Spot33.Type=OpenAirSpawn
Spot34.Coordinates=-131758.71875,-41885.71875
Spot34.DCSID=13
Spot34.Type=OpenAirSpawn
Spot35.Coordinates=-131979.609375,-41838.609375
Spot35.DCSID=12
Spot35.Type=OpenAirSpawn
Spot36.Coordinates=-131964.4375,-41914.17578125
Spot36.DCSID=11
Spot36.Type=OpenAirSpawn
Spot37.Coordinates=-131951.234375,-41991.8515625
Spot37.DCSID=10
Spot37.Type=OpenAirSpawn
Spot38.Coordinates=-131786.734375,-41945.859375
Spot38.DCSID=9
Spot38.Type=OpenAirSpawn
Spot39.Coordinates=-131692.421875,-41993.0703125
Spot39.DCSID=8
Spot39.Type=OpenAirSpawn
Spot40.Coordinates=-131642.984375,-41980.83984375
Spot40.DCSID=7
Spot40.Type=OpenAirSpawn
Spot41.Coordinates=-131575.125,-41971.7890625
Spot41.DCSID=6
Spot41.Type=OpenAirSpawn

