[Airbase]
Theater=Syria
ATC=4.425/39.75 119.35/251.35
Coalition=Red
Coordinates=-105455.046875,44511.95703125
DCSID=35
Elevation=154
Flags=
ILS=-
Name=Essay
Runways=09-27
TACAN=-

[RunwaySpawns]
Spot1.Coordinates=-105570.9765625,45506.62890625
Spot1.DCSID=1
Spot2.Coordinates=-105484.9375,44509.37890625
Spot2.DCSID=0

[Parking]
Spot1.Coordinates=-105548.40625,44586.0859375
Spot1.DCSID=33
Spot1.Type=OpenAirSpawn
Spot2.Coordinates=-105546.8046875,44558.8203125
Spot2.DCSID=32
Spot2.Type=OpenAirSpawn
Spot3.Coordinates=-105545.5625,44531.20703125
Spot3.DCSID=31
Spot3.Type=OpenAirSpawn
Spot4.Coordinates=-105543.953125,44502.9765625
Spot4.DCSID=30
Spot4.Type=OpenAirSpawn
Spot5.Coordinates=-105579.171875,44498.89453125
Spot5.DCSID=29
Spot5.Type=OpenAirSpawn
Spot6.Coordinates=-105580.8828125,44526.1484375
Spot6.DCSID=28
Spot6.Type=OpenAirSpawn
Spot7.Coordinates=-105582.2265625,44553.75
Spot7.DCSID=27
Spot7.Type=OpenAirSpawn
Spot8.Coordinates=-105683.8046875,45193.51171875
Spot8.DCSID=26
Spot8.Type=AirplaneOnly
Spot9.Coordinates=-105683.125,45142.9140625
Spot9.DCSID=25
Spot9.Type=AirplaneOnly
Spot10.Coordinates=-105683.171875,45091.55078125
Spot10.DCSID=24
Spot10.Type=AirplaneOnly
Spot11.Coordinates=-105685.0859375,45040.7890625
Spot11.DCSID=23
Spot11.Type=AirplaneOnly
Spot12.Coordinates=-105681.9296875,44714.22265625
Spot12.DCSID=22
Spot12.Type=AirplaneOnly
Spot13.Coordinates=-105681.9375,44662.70703125
Spot13.DCSID=21
Spot13.Type=AirplaneOnly
Spot14.Coordinates=-105683.640625,45428.35546875
Spot14.DCSID=20
Spot14.Type=OpenAirSpawn
Spot15.Coordinates=-105681.8984375,45409.58203125
Spot15.DCSID=19
Spot15.Type=OpenAirSpawn
Spot16.Coordinates=-105680.1328125,45391.1640625
Spot16.DCSID=18
Spot16.Type=OpenAirSpawn
Spot17.Coordinates=-105678.6328125,45372.86328125
Spot17.DCSID=17
Spot17.Type=OpenAirSpawn
Spot18.Coordinates=-105676.8203125,45354.3046875
Spot18.DCSID=16
Spot18.Type=OpenAirSpawn
Spot19.Coordinates=-105675.890625,45335.80859375
Spot19.DCSID=15
Spot19.Type=OpenAirSpawn
Spot20.Coordinates=-105674.2578125,45317.5
Spot20.DCSID=14
Spot20.Type=OpenAirSpawn
Spot21.Coordinates=-105672.53125,45299.0859375
Spot21.DCSID=13
Spot21.Type=OpenAirSpawn
Spot22.Coordinates=-105671.03125,45280.78125
Spot22.DCSID=12
Spot22.Type=OpenAirSpawn
Spot23.Coordinates=-105669.1328125,45262.1875
Spot23.DCSID=11
Spot23.Type=OpenAirSpawn
Spot24.Coordinates=-105667.46875,45243.9765625
Spot24.DCSID=10
Spot24.Type=OpenAirSpawn
Spot25.Coordinates=-105491.984375,45427.83203125
Spot25.DCSID=9
Spot25.Type=OpenAirSpawn
Spot26.Coordinates=-105583.9375,44581.9765625
Spot26.DCSID=8
Spot26.Type=OpenAirSpawn
Spot27.Coordinates=-105491.9375,45446.34375
Spot27.DCSID=7
Spot27.Type=OpenAirSpawn
Spot28.Coordinates=-105493.234375,45464.828125
Spot28.DCSID=6
Spot28.Type=OpenAirSpawn
Spot29.Coordinates=-105494.8203125,45483.2734375
Spot29.DCSID=5
Spot29.Type=OpenAirSpawn
Spot30.Coordinates=-105496.171875,45501.5859375
Spot30.DCSID=4
Spot30.Type=OpenAirSpawn
Spot31.Coordinates=-105497.90625,45520.19140625
Spot31.DCSID=3
Spot31.Type=OpenAirSpawn
Spot32.Coordinates=-105499.4375,45538.40234375
Spot32.DCSID=2
Spot32.Type=OpenAirSpawn

