[Airbase]
Theater=Syria
ATC=
Coalition=Blue
Coordinates=-220336.09375,339583.21875
DCSID=54
Elevation=785
Flags=
ILS=-
Name=H3 Northwest
Runways=30-12
RunwayLengthFt=7376
TACAN=-

[Parking]
Spot1.Coordinates=-220336.09375,339583.21875
Spot1.DCSID=30
Spot1.Type=OpenAirSpawn
Spot2.Coordinates=-220334.34375,339750.84375
Spot2.DCSID=29
Spot2.Type=OpenAirSpawn
Spot3.Coordinates=-221050.203125,339371.25
Spot3.DCSID=28
Spot3.Type=OpenAirSpawn
Spot4.Coordinates=-221212.625,339357.8125
Spot4.DCSID=27
Spot4.Type=OpenAirSpawn
Spot5.Coordinates=-219084.296875,337516.59375
Spot5.DCSID=26
Spot5.Type=AirplaneOnly
Spot6.Coordinates=-219121.96875,337355.96875
Spot6.DCSID=25
Spot6.Type=AirplaneOnly
Spot7.Coordinates=-219383.890625,337189.65625
Spot7.DCSID=24
Spot7.Type=AirplaneOnly
Spot8.Coordinates=-219549.328125,337230.46875
Spot8.DCSID=23
Spot8.Type=AirplaneOnly
Spot9.Coordinates=-220938.171875,339461.125
Spot9.DCSID=22
Spot9.Type=AirplaneOnly
Spot10.Coordinates=-220895.375,339639.5625
Spot10.DCSID=21
Spot10.Type=AirplaneOnly
Spot11.Coordinates=-220621.5625,339790.4375
Spot11.DCSID=20
Spot11.Type=AirplaneOnly
Spot12.Coordinates=-220467.0625,339750.125
Spot12.DCSID=19
Spot12.Type=AirplaneOnly
Spot13.Coordinates=-220520.84375,338745.71875
Spot13.DCSID=18
Spot13.Type=OpenAirSpawn
Spot14.Coordinates=-220505.59375,338719.96875
Spot14.DCSID=17
Spot14.Type=OpenAirSpawn
Spot15.Coordinates=-220490.9375,338695.5625
Spot15.DCSID=16
Spot15.Type=OpenAirSpawn
Spot16.Coordinates=-220476.09375,338670.6875
Spot16.DCSID=15
Spot16.Type=OpenAirSpawn
Spot17.Coordinates=-220461.28125,338645.8125
Spot17.DCSID=14
Spot17.Type=OpenAirSpawn
Spot18.Coordinates=-220446.8125,338621.28125
Spot18.DCSID=13
Spot18.Type=OpenAirSpawn
Spot19.Coordinates=-220432.25,338596.9375
Spot19.DCSID=12
Spot19.Type=OpenAirSpawn
Spot20.Coordinates=-220417.21875,338572.15625
Spot20.DCSID=11
Spot20.Type=OpenAirSpawn
Spot21.Coordinates=-220460.625,338511.375
Spot21.DCSID=10
Spot21.Type=OpenAirSpawn
Spot22.Coordinates=-220475.46875,338536.1875
Spot22.DCSID=9
Spot22.Type=OpenAirSpawn
Spot23.Coordinates=-220490.9375,338561.78125
Spot23.DCSID=8
Spot23.Type=OpenAirSpawn
Spot24.Coordinates=-220505.796875,338586.09375
Spot24.DCSID=7
Spot24.Type=OpenAirSpawn
Spot25.Coordinates=-220520.84375,338610.84375
Spot25.DCSID=6
Spot25.Type=OpenAirSpawn
Spot26.Coordinates=-220535.859375,338635.625
Spot26.DCSID=5
Spot26.Type=OpenAirSpawn
Spot27.Coordinates=-220550.53125,338660
Spot27.DCSID=4
Spot27.Type=OpenAirSpawn
Spot28.Coordinates=-220565.3125,338684.21875
Spot28.DCSID=3
Spot28.Type=OpenAirSpawn
Spot29.Coordinates=-220580.53125,338708.875
Spot29.DCSID=2
Spot29.Type=OpenAirSpawn

