[Airbase]
Theater=Syria
ATC=
Coalition=Blue
Coordinates=-257040.640625,340425.46875
DCSID=55
Elevation=813
Flags=
ILS=-
Name=H3 Southwest
Runways=30-12
RunwayLengthFt=7321
TACAN=-

[Parking]
Spot1.Coordinates=-257040.640625,340425.46875
Spot1.DCSID=31
Spot1.Type=OpenAirSpawn
Spot2.Coordinates=-256979.046875,340322.9375
Spot2.DCSID=30
Spot2.Type=OpenAirSpawn
Spot3.Coordinates=-256447.84375,337965.15625
Spot3.DCSID=29
Spot3.Type=AirplaneOnly
Spot4.Coordinates=-256289.1875,337925.625
Spot4.DCSID=28
Spot4.Type=AirplaneOnly
Spot5.Coordinates=-255994.578125,338088.15625
Spot5.DCSID=27
Spot5.Type=AirplaneOnly
Spot6.Coordinates=-255956.5625,338243.78125
Spot6.DCSID=26
Spot6.Type=AirplaneOnly
Spot7.Coordinates=-257727.015625,340388.8125
Spot7.DCSID=25
Spot7.Type=AirplaneOnly
Spot8.Coordinates=-257758.9375,340235.125
Spot8.DCSID=24
Spot8.Type=AirplaneOnly
Spot9.Coordinates=-257815.21875,340040.4375
Spot9.DCSID=23
Spot9.Type=OpenAirSpawn
Spot10.Coordinates=-257691.671875,339967.5
Spot10.DCSID=22
Spot10.Type=OpenAirSpawn
Spot11.Coordinates=-257467.59375,340538.65625
Spot11.DCSID=21
Spot11.Type=AirplaneOnly
Spot12.Coordinates=-257309.375,340495.28125
Spot12.DCSID=20
Spot12.Type=AirplaneOnly
Spot13.Coordinates=-257125.015625,340646.78125
Spot13.DCSID=19
Spot13.Type=OpenAirSpawn
Spot14.Coordinates=-257037.03125,340798.75
Spot14.DCSID=18
Spot14.Type=OpenAirSpawn
Spot17.Coordinates=-257096.328125,340075.28125
Spot17.DCSID=15
Spot17.Type=OpenAirSpawn
Spot18.Coordinates=-257111.5,340100
Spot18.DCSID=14
Spot18.Type=OpenAirSpawn
Spot19.Coordinates=-257053.5,340136.34375
Spot19.DCSID=13
Spot19.Type=OpenAirSpawn
Spot20.Coordinates=-257006.75,339927.09375
Spot20.DCSID=12
Spot20.Type=OpenAirSpawn
Spot21.Coordinates=-257022.171875,339952.75
Spot21.DCSID=11
Spot21.Type=OpenAirSpawn
Spot22.Coordinates=-257036.984375,339977.0625
Spot22.DCSID=10
Spot22.Type=OpenAirSpawn
Spot23.Coordinates=-257051.984375,340001.84375
Spot23.DCSID=9
Spot23.Type=OpenAirSpawn
Spot24.Coordinates=-257066.96875,340026.625
Spot24.DCSID=8
Spot24.Type=OpenAirSpawn
Spot25.Coordinates=-257081.59375,340051.03125
Spot25.DCSID=7
Spot25.Type=OpenAirSpawn
Spot26.Coordinates=-257037.859375,340110.84375
Spot26.DCSID=6
Spot26.Type=OpenAirSpawn
Spot27.Coordinates=-257022.84375,340086.625
Spot27.DCSID=5
Spot27.Type=OpenAirSpawn
Spot28.Coordinates=-257007.625,340061.96875
Spot28.DCSID=4
Spot28.Type=OpenAirSpawn
Spot29.Coordinates=-256992.453125,340037.3125
Spot29.DCSID=3
Spot29.Type=OpenAirSpawn
Spot30.Coordinates=-256977.625,340013.03125
Spot30.DCSID=2
Spot30.Type=OpenAirSpawn
Spot31.Coordinates=-256962.6875,339988.90625
Spot31.DCSID=1
Spot31.Type=OpenAirSpawn
Spot32.Coordinates=-256947.3125,339964.3125
Spot32.DCSID=0
Spot32.Type=OpenAirSpawn

