[Airbase]
Theater=Syria
ATC=250.552/120.800
Coalition=Red
Coordinates=-194744.296875,44974.04296875
DCSID=23
Elevation=658
Flags=Military
ILS=-
Name=Marj Ruhayyil
Runways=6-24
TACAN=-

[RunwaySpawns]
Spot1.Coordinates=-194246.703125,44750.53515625
Spot1.DCSID=36
Spot2.Coordinates=-193228.390625,46823.2265625
Spot2.DCSID=35
Spot3.Coordinates=-193816.765625,46985.24609375
Spot3.DCSID=28
Spot4.Coordinates=-194771.359375,44986.97265625
Spot4.DCSID=0

[Parking]
Spot1.Coordinates=-193736.390625,47284.51953125
Spot1.DCSID=34
Spot1.Type=OpenAirSpawn
Spot2.Coordinates=-193755.140625,47243.70703125
Spot2.DCSID=33
Spot2.Type=OpenAirSpawn
Spot3.Coordinates=-193775.234375,47203.78125
Spot3.DCSID=32
Spot3.Type=OpenAirSpawn
Spot4.Coordinates=-193795.4375,47160.515625
Spot4.DCSID=31
Spot4.Type=OpenAirSpawn
Spot5.Coordinates=-193815.328125,47119.7578125
Spot5.DCSID=30
Spot5.Type=OpenAirSpawn
Spot6.Coordinates=-193836.328125,47075.60546875
Spot6.DCSID=29
Spot6.Type=OpenAirSpawn
Spot7.Coordinates=-192792.28125,47251.24609375
Spot7.DCSID=27
Spot7.Type=AirplaneOnly
Spot8.Coordinates=-192808.625,47276.78515625
Spot8.DCSID=26
Spot8.Type=AirplaneOnly
Spot9.Coordinates=-192936.859375,46953.3125
Spot9.DCSID=25
Spot9.Type=AirplaneOnly
Spot10.Coordinates=-192948.359375,46981.56640625
Spot10.DCSID=24
Spot10.Type=AirplaneOnly
Spot11.Coordinates=-193281.390625,47414.25
Spot11.DCSID=23
Spot11.Type=AirplaneOnly
Spot12.Coordinates=-193367.390625,47327.30078125
Spot12.DCSID=22
Spot12.Type=AirplaneOnly
Spot13.Coordinates=-193412.890625,47546.9609375
Spot13.DCSID=21
Spot13.Type=AirplaneOnly
Spot14.Coordinates=-193384.640625,47557.92578125
Spot14.DCSID=20
Spot14.Type=AirplaneOnly
Spot15.Coordinates=-193663.53125,47559.17578125
Spot15.DCSID=19
Spot15.Type=AirplaneOnly
Spot16.Coordinates=-193677.25,47531.85546875
Spot16.DCSID=18
Spot16.Type=AirplaneOnly
Spot17.Coordinates=-193770.984375,47683.671875
Spot17.DCSID=17
Spot17.Type=AirplaneOnly
Spot18.Coordinates=-193797.078125,47555.1484375
Spot18.DCSID=16
Spot18.Type=AirplaneOnly
Spot19.Coordinates=-195864.390625,44845.1796875
Spot19.DCSID=15
Spot19.Type=AirplaneOnly
Spot20.Coordinates=-195889.78125,44736.76953125
Spot20.DCSID=14
Spot20.Type=AirplaneOnly
Spot21.Coordinates=-196027.359375,44559.03515625
Spot21.DCSID=13
Spot21.Type=AirplaneOnly
Spot22.Coordinates=-194969.15625,44962.46875
Spot22.DCSID=12
Spot22.Type=AirplaneOnly
Spot23.Coordinates=-195036.53125,44838.10546875
Spot23.DCSID=11
Spot23.Type=AirplaneOnly
Spot24.Coordinates=-194617.0,44784.1171875
Spot24.DCSID=10
Spot24.Type=AirplaneOnly
Spot25.Coordinates=-194541.171875,44733.30078125
Spot25.DCSID=9
Spot25.Type=AirplaneOnly
Spot26.Coordinates=-194160.65625,44482.5078125
Spot26.DCSID=8
Spot26.Type=AirplaneOnly
Spot27.Coordinates=-194188.921875,44473.5
Spot27.DCSID=7
Spot27.Type=AirplaneOnly
Spot28.Coordinates=-194159.75,44236.01953125
Spot28.DCSID=6
Spot28.Type=AirplaneOnly
Spot29.Coordinates=-194184.984375,44219.609375
Spot29.DCSID=5
Spot29.Type=AirplaneOnly
Spot30.Coordinates=-194666.046875,44342.43359375
Spot30.DCSID=4
Spot30.Type=AirplaneOnly
Spot31.Coordinates=-194648.234375,44317.82421875
Spot31.DCSID=3
Spot31.Type=AirplaneOnly
Spot32.Coordinates=-194342.59375,44172.73046875
Spot32.DCSID=2
Spot32.Type=AirplaneOnly
Spot33.Coordinates=-194312.609375,44174.99609375
Spot33.DCSID=1
Spot33.Type=AirplaneOnly

