[Airbase]
Theater=Syria
ATC=250.650/120.700
Coalition=Red
Coordinates=-171702.234375,25830.669921875
DCSID=25
Elevation=718
Flags=Military
ILS=-
Name=Mezzeh
Runways=26-6
TACAN=-

[RunwaySpawns]
Spot1.Coordinates=-172765.84375,23799.23046875
Spot1.DCSID=5
Spot2.Coordinates=-171675.84375,25816.408203125
Spot2.DCSID=4

[Parking]
Spot1.Coordinates=-172551.21875,24940.857421875
Spot1.DCSID=41
Spot1.Type=HelicopterOnly
Spot2.Coordinates=-172491.15625,24910.19140625
Spot2.DCSID=40
Spot2.Type=HelicopterOnly
Spot3.Coordinates=-172480.828125,24869.85546875
Spot3.DCSID=39
Spot3.Type=HelicopterOnly
Spot4.Coordinates=-172450.0625,24809.115234375
Spot4.DCSID=38
Spot4.Type=HelicopterOnly
Spot5.Coordinates=-172443.84375,24754.84375
Spot5.DCSID=37
Spot5.Type=HelicopterOnly
Spot6.Coordinates=-172472.546875,24692.345703125
Spot6.DCSID=36
Spot6.Type=HelicopterOnly
Spot7.Coordinates=-172589.703125,24655.302734375
Spot7.DCSID=35
Spot7.Type=HelicopterOnly
Spot8.Coordinates=-172653.8125,24678.537109375
Spot8.DCSID=34
Spot8.Type=HelicopterOnly
Spot9.Coordinates=-172678.984375,24902.818359375
Spot9.DCSID=33
Spot9.Type=HelicopterOnly
Spot10.Coordinates=-172704.140625,24841.435546875
Spot10.DCSID=32
Spot10.Type=HelicopterOnly
Spot11.Coordinates=-172668.953125,24729.892578125
Spot11.DCSID=31
Spot11.Type=HelicopterOnly
Spot12.Coordinates=-172695.875,24790.32421875
Spot12.DCSID=30
Spot12.Type=HelicopterOnly
Spot13.Coordinates=-171766.171875,26303.939453125
Spot13.DCSID=29
Spot13.Type=AirplaneOnly
Spot14.Coordinates=-172232.3125,25992.978515625
Spot14.DCSID=28
Spot14.Type=AirplaneOnly
Spot15.Coordinates=-171964.6875,25814.404296875
Spot15.DCSID=27
Spot15.Type=AirplaneOnly
Spot16.Coordinates=-172017.1875,25645.111328125
Spot16.DCSID=26
Spot16.Type=AirplaneOnly
Spot17.Coordinates=-172274.796875,24180.89453125
Spot17.DCSID=25
Spot17.Type=AirplaneOnly
Spot18.Coordinates=-172399.609375,23956.119140625
Spot18.DCSID=24
Spot18.Type=AirplaneOnly
Spot19.Coordinates=-171486.6875,25691.970703125
Spot19.DCSID=23
Spot19.Type=AirplaneOnly
Spot20.Coordinates=-172618.78125,23799.576171875
Spot20.DCSID=22
Spot20.Type=OpenAirSpawn
Spot21.Coordinates=-172527.484375,23976.478515625
Spot21.DCSID=21
Spot21.Type=OpenAirSpawn
Spot22.Coordinates=-172447.890625,24121.30078125
Spot22.DCSID=20
Spot22.Type=OpenAirSpawn
Spot23.Coordinates=-172381.515625,24246.73046875
Spot23.DCSID=19
Spot23.Type=OpenAirSpawn
Spot24.Coordinates=-172279.984375,24430.423828125
Spot24.DCSID=18
Spot24.Type=OpenAirSpawn
Spot25.Coordinates=-172150.609375,24672.21875
Spot25.DCSID=17
Spot25.Type=OpenAirSpawn
Spot26.Coordinates=-171691.296875,26184.0859375
Spot26.DCSID=16
Spot26.Type=AirplaneOnly
Spot27.Coordinates=-172588.40625,23580.845703125
Spot27.DCSID=15
Spot27.Type=AirplaneOnly
Spot28.Coordinates=-172571.671875,23554.642578125
Spot28.DCSID=14
Spot28.Type=AirplaneOnly
Spot29.Coordinates=-172951.828125,23815.369140625
Spot29.DCSID=13
Spot29.Type=AirplaneOnly
Spot30.Coordinates=-172982.546875,23813.736328125
Spot30.DCSID=12
Spot30.Type=AirplaneOnly
Spot31.Coordinates=-171642.65625,25020.48046875
Spot31.DCSID=11
Spot31.Type=OpenAirSpawn
Spot32.Coordinates=-171678.921875,24977.1015625
Spot32.DCSID=10
Spot32.Type=OpenAirSpawn
Spot33.Coordinates=-172016.640625,25979.16015625
Spot33.DCSID=9
Spot33.Type=AirplaneOnly
Spot34.Coordinates=-171404.328125,26024.73046875
Spot34.DCSID=8
Spot34.Type=AirplaneOnly
Spot35.Coordinates=-171419.578125,25998.390625
Spot35.DCSID=7
Spot35.Type=AirplaneOnly
Spot36.Coordinates=-171666.4375,26201.05859375
Spot36.DCSID=6
Spot36.Type=AirplaneOnly
Spot37.Coordinates=-172065.15625,24825.439453125
Spot37.DCSID=3
Spot37.Type=OpenAirSpawn
Spot38.Coordinates=-172065.015625,25492.525390625
Spot38.DCSID=2
Spot38.Type=HelicopterOnly
Spot39.Coordinates=-172049.984375,25463.359375
Spot39.DCSID=1
Spot39.Type=HelicopterOnly
Spot40.Coordinates=-172013.46875,25390.951171875
Spot40.DCSID=0
Spot40.Type=HelicopterOnly

