[Airbase]
Theater=Syria
ATC=251.050/124.400
Coalition=Red
Coordinates=-131076.6953125,3006.8041992188
DCSID=32
Elevation=894
Flags=
ILS=-
Name=Rayak
Runways=4-22
TACAN=-

[RunwaySpawns]
Spot1.Coordinates=-129287.1640625,4963.6469726563
Spot1.DCSID=1
Spot2.Coordinates=-131098.6015625,3027.2990722656
Spot2.DCSID=0

[Parking]
Spot1.Coordinates=-129533.484375,5267.7680664063
Spot1.DCSID=13
Spot1.Type=HelicopterOnly
Spot2.Coordinates=-129472.3984375,5381.2490234375
Spot2.DCSID=12
Spot2.Type=OpenAirSpawn
Spot3.Coordinates=-129497.640625,5306.5229492188
Spot3.DCSID=11
Spot3.Type=HelicopterOnly
Spot4.Coordinates=-129478.0,5327.5200195313
Spot4.DCSID=10
Spot4.Type=HelicopterOnly
Spot5.Coordinates=-129386.9921875,5369.70703125
Spot5.DCSID=9
Spot5.Type=HelicopterOnly
Spot6.Coordinates=-129369.8046875,5388.0717773438
Spot6.DCSID=8
Spot6.Type=HelicopterOnly
Spot7.Coordinates=-129352.3828125,5407.1396484375
Spot7.DCSID=7
Spot7.Type=HelicopterOnly
Spot8.Coordinates=-129335.703125,5426.8090820313
Spot8.DCSID=6
Spot8.Type=HelicopterOnly
Spot9.Coordinates=-129381.65625,5488.8793945313
Spot9.DCSID=5
Spot9.Type=HelicopterOnly
Spot10.Coordinates=-129399.25,5470.1293945313
Spot10.DCSID=4
Spot10.Type=HelicopterOnly
Spot11.Coordinates=-129416.6640625,5451.458984375
Spot11.DCSID=3
Spot11.Type=HelicopterOnly
Spot12.Coordinates=-129434.3359375,5432.5966796875
Spot12.DCSID=2
Spot12.Type=HelicopterOnly

