[Airbase]
Theater=TheChannel
ATC=3.950/38.800 118.400/250.400
Coalition=Blue
Coordinates=49384.73046875,-68190.6796875
DCSID=8
Elevation=190
Flags=
ILS=-
Name=Detling
Runways=05-23
RunwayLengthFt=3482
TACAN=-

[RunwaySpawns]
Spot1.Coordinates=49362.86328125,-68170.140625
Spot1.DCSID=1
Spot2.Coordinates=49896.52734375,-67602.0234375
Spot2.DCSID=0

[Parking]
Spot1.Coordinates=49953.921875,-67380.265625
Spot1.DCSID=33
Spot1.Type=OpenAirSpawn
Spot2.Coordinates=49883.68359375,-67357.6328125
Spot2.DCSID=32
Spot2.Type=OpenAirSpawn
Spot3.Coordinates=49923.33203125,-68337.96875
Spot3.DCSID=31
Spot3.Type=OpenAirSpawn
Spot4.Coordinates=49946.34375,-68319.171875
Spot4.DCSID=30
Spot4.Type=OpenAirSpawn
Spot5.Coordinates=49971.359375,-68298.5234375
Spot5.DCSID=29
Spot5.Type=OpenAirSpawn
Spot6.Coordinates=49993.0859375,-68280.703125
Spot6.DCSID=28
Spot6.Type=OpenAirSpawn
Spot7.Coordinates=50013.67578125,-68263.84375
Spot7.DCSID=27
Spot7.Type=OpenAirSpawn
Spot8.Coordinates=50034.46484375,-68246.7890625
Spot8.DCSID=26
Spot8.Type=OpenAirSpawn
Spot9.Coordinates=49847.52734375,-67549.3984375
Spot9.DCSID=25
Spot9.Type=OpenAirSpawn
Spot10.Coordinates=49864.43359375,-67539.1953125
Spot10.DCSID=24
Spot10.Type=OpenAirSpawn
Spot11.Coordinates=49884.2734375,-67527.0859375
Spot11.DCSID=23
Spot11.Type=OpenAirSpawn
Spot12.Coordinates=49883.0390625,-67414.96875
Spot12.DCSID=22
Spot12.Type=OpenAirSpawn
Spot13.Coordinates=49863.71484375,-67428.3828125
Spot13.DCSID=21
Spot13.Type=OpenAirSpawn
Spot14.Coordinates=50099.87890625,-67932.140625
Spot14.DCSID=20
Spot14.Type=OpenAirSpawn
Spot15.Coordinates=50111.7265625,-67951.90625
Spot15.DCSID=19
Spot15.Type=OpenAirSpawn
Spot16.Coordinates=50063.7109375,-67981.5546875
Spot16.DCSID=18
Spot16.Type=OpenAirSpawn
Spot17.Coordinates=50053.08203125,-67964.3203125
Spot17.DCSID=17
Spot17.Type=OpenAirSpawn
Spot18.Coordinates=50042.63671875,-67947.390625
Spot18.DCSID=16
Spot18.Type=OpenAirSpawn
Spot19.Coordinates=50031.15625,-67930.6796875
Spot19.DCSID=15
Spot19.Type=OpenAirSpawn
Spot20.Coordinates=50020.46875,-67911.6484375
Spot20.DCSID=14
Spot20.Type=OpenAirSpawn
Spot21.Coordinates=50009.2421875,-67892.328125
Spot21.DCSID=13
Spot21.Type=OpenAirSpawn
Spot22.Coordinates=49988.234375,-67435.2890625
Spot22.DCSID=12
Spot22.Type=OpenAirSpawn
Spot23.Coordinates=50055.5078125,-67551.859375
Spot23.DCSID=11
Spot23.Type=OpenAirSpawn
Spot24.Coordinates=50069.91796875,-67573.203125
Spot24.DCSID=10
Spot24.Type=OpenAirSpawn
Spot25.Coordinates=50083.7734375,-67595.6328125
Spot25.DCSID=9
Spot25.Type=OpenAirSpawn
Spot26.Coordinates=49988.5859375,-67680.0625
Spot26.DCSID=8
Spot26.Type=OpenAirSpawn
Spot27.Coordinates=49974.75,-67717.578125
Spot27.DCSID=7
Spot27.Type=OpenAirSpawn
Spot28.Coordinates=49965.953125,-67758.3125
Spot28.DCSID=6
Spot28.Type=OpenAirSpawn
Spot29.Coordinates=49966.203125,-67798.328125
Spot29.DCSID=5
Spot29.Type=OpenAirSpawn
Spot30.Coordinates=49976.59375,-67835.890625
Spot30.DCSID=4
Spot30.Type=OpenAirSpawn
Spot31.Coordinates=49994.62109375,-67868.7890625
Spot31.DCSID=3
Spot31.Type=OpenAirSpawn
Spot32.Coordinates=50092,-67870.7734375
Spot32.DCSID=2
Spot32.Type=AirplaneOnly

