[Airbase]
Theater=TheChannel
ATC=3.875/38.65 118.25/250.25
Coalition=Red
Coordinates=-2680.7314453125,-74164.578125
DCSID=15
Elevation=22
Flags=
ILS=-
Name=Azeville
Runways=07-25
TACAN=-

[RunwaySpawns]
Spot1.Coordinates=-2349.083984375,-73196.1328125
Spot1.DCSID=32
Spot2.Coordinates=-2708.81640625,-74154.03125
Spot2.DCSID=31

[Parking]
Spot1.Coordinates=-2210.3583984375,-73141.78125
Spot1.DCSID=30
Spot1.Type=OpenAirSpawn
Spot2.Coordinates=-2227.5087890625,-73148.7890625
Spot2.DCSID=29
Spot2.Type=OpenAirSpawn
Spot3.Coordinates=-2244.7939453125,-73155.4296875
Spot3.DCSID=28
Spot3.Type=OpenAirSpawn
Spot4.Coordinates=-2634.4953613281,-74212.1328125
Spot4.DCSID=27
Spot4.Type=OpenAirSpawn
Spot5.Coordinates=-2624.9028320313,-74227.703125
Spot5.DCSID=26
Spot5.Type=OpenAirSpawn
Spot6.Coordinates=-2614.9304199219,-74243.5
Spot6.DCSID=25
Spot6.Type=OpenAirSpawn
Spot7.Coordinates=-2605.4279785156,-74259.2265625
Spot7.DCSID=24
Spot7.Type=OpenAirSpawn
Spot8.Coordinates=-2838.0317382813,-74177.7578125
Spot8.DCSID=23
Spot8.Type=OpenAirSpawn
Spot9.Coordinates=-2820.349609375,-74172.1875
Spot9.DCSID=22
Spot9.Type=OpenAirSpawn
Spot10.Coordinates=-2802.3271484375,-74166.1484375
Spot10.DCSID=21
Spot10.Type=OpenAirSpawn
Spot11.Coordinates=-2418.4819335938,-73096.0078125
Spot11.DCSID=20
Spot11.Type=OpenAirSpawn
Spot12.Coordinates=-2427.4140625,-73079.953125
Spot12.DCSID=19
Spot12.Type=OpenAirSpawn
Spot13.Coordinates=-2436.5981445313,-73063.890625
Spot13.DCSID=18
Spot13.Type=OpenAirSpawn
Spot14.Coordinates=-2445.6650390625,-73047.671875
Spot14.DCSID=17
Spot14.Type=OpenAirSpawn
Spot15.Coordinates=-2788.1728515625,-73557.7734375
Spot15.DCSID=16
Spot15.Type=AirplaneOnly
Spot16.Coordinates=-2778.4426269531,-73504.078125
Spot16.DCSID=15
Spot16.Type=AirplaneOnly
Spot17.Coordinates=-2764.1257324219,-73455.265625
Spot17.DCSID=14
Spot17.Type=AirplaneOnly
Spot18.Coordinates=-2673.8247070313,-73237.375
Spot18.DCSID=13
Spot18.Type=AirplaneOnly
Spot19.Coordinates=-2652.0964355469,-73188.8671875
Spot19.DCSID=12
Spot19.Type=AirplaneOnly
Spot20.Coordinates=-2629.3388671875,-73137.828125
Spot20.DCSID=11
Spot20.Type=AirplaneOnly
Spot21.Coordinates=-2297.3012695313,-74074.2578125
Spot21.DCSID=10
Spot21.Type=AirplaneOnly
Spot22.Coordinates=-2255.6872558594,-74098.9921875
Spot22.DCSID=9
Spot22.Type=AirplaneOnly
Spot23.Coordinates=-2212.58984375,-74123.0859375
Spot23.DCSID=8
Spot23.Type=AirplaneOnly
Spot24.Coordinates=-2065.8771972656,-73822.609375
Spot24.DCSID=7
Spot24.Type=AirplaneOnly
Spot25.Coordinates=-2106.0627441406,-73798.078125
Spot25.DCSID=6
Spot25.Type=AirplaneOnly
Spot26.Coordinates=-2056.7839355469,-74071.578125
Spot26.DCSID=5
Spot26.Type=OpenAirSpawn
Spot27.Coordinates=-2035.3203125,-74028.953125
Spot27.DCSID=4
Spot27.Type=OpenAirSpawn
Spot28.Coordinates=-2012.9418945313,-73986.0625
Spot28.DCSID=3
Spot28.Type=OpenAirSpawn
Spot29.Coordinates=-2040.4594726563,-73200.3046875
Spot29.DCSID=2
Spot29.Type=OpenAirSpawn
Spot30.Coordinates=-2081.9501953125,-73177.0390625
Spot30.DCSID=1
Spot30.Type=OpenAirSpawn
Spot31.Coordinates=-2123.7131347656,-73153.453125
Spot31.DCSID=0
Spot31.Type=OpenAirSpawn

