[Airbase]
Theater=TheChannel
ATC=251.350/122.300
Coalition=Red
Coordinates=-123819.2890625,86407.890625
DCSID=4
Elevation=837
Flags=Military
ILS=-
Name=An Nasiriyah
Runways=22-4
TACAN=-

[RunwaySpawns]
Spot1.Coordinates=-125569.28125,84635.078125
Spot1.DCSID=18
Spot2.Coordinates=-123798.1953125,86386.5625
Spot2.DCSID=16

[Parking]
Spot1.Coordinates=-122956.109375,86242.421875
Spot1.DCSID=21
Spot1.Type=AirplaneOnly
Spot2.Coordinates=-125131.515625,84656.109375
Spot2.DCSID=20
Spot2.Type=AirplaneOnly
Spot3.Coordinates=-122640.78125,86333.828125
Spot3.DCSID=19
Spot3.Type=AirplaneOnly
Spot4.Coordinates=-123047.25,86024.8125
Spot4.DCSID=17
Spot4.Type=AirplaneOnly
Spot5.Coordinates=-123062.1640625,86384.84375
Spot5.DCSID=15
Spot5.Type=AirplaneOnly
Spot6.Coordinates=-123152.28125,86265.3203125
Spot6.DCSID=14
Spot6.Type=AirplaneOnly
Spot7.Coordinates=-122879.5625,86506.7265625
Spot7.DCSID=13
Spot7.Type=AirplaneOnly
Spot8.Coordinates=-125594.9375,84158.28125
Spot8.DCSID=12
Spot8.Type=AirplaneOnly
Spot9.Coordinates=-123895.953125,86569.46875
Spot9.DCSID=11
Spot9.Type=AirplaneOnly
Spot10.Coordinates=-123924.6875,86560.828125
Spot10.DCSID=10
Spot10.Type=AirplaneOnly
Spot11.Coordinates=-123564.40625,86185.2109375
Spot11.DCSID=9
Spot11.Type=AirplaneOnly
Spot12.Coordinates=-123541.84375,86164.8515625
Spot12.DCSID=8
Spot12.Type=AirplaneOnly
Spot13.Coordinates=-125473.671875,84044.0625
Spot13.DCSID=7
Spot13.Type=AirplaneOnly
Spot14.Coordinates=-123701.0234375,86681.3359375
Spot14.DCSID=6
Spot14.Type=AirplaneOnly
Spot15.Coordinates=-123721.421875,86703.7265625
Spot15.DCSID=5
Spot15.Type=AirplaneOnly
Spot16.Coordinates=-125357.9453125,84394.0703125
Spot16.DCSID=4
Spot16.Type=AirplaneOnly
Spot17.Coordinates=-123106.7578125,86653.2421875
Spot17.DCSID=3
Spot17.Type=AirplaneOnly
Spot18.Coordinates=-123568.1015625,86825.8984375
Spot18.DCSID=2
Spot18.Type=AirplaneOnly
Spot19.Coordinates=-123275.3125,86664.0859375
Spot19.DCSID=1
Spot19.Type=AirplaneOnly
Spot20.Coordinates=-123598.6015625,86827.671875
Spot20.DCSID=0
Spot20.Type=AirplaneOnly

