[Airbase]
Theater=TheChannel
ATC=3.925/38.750 118.350/250.350
Coalition=Blue
Coordinates=23505.314453125,-39282.8046875
DCSID=7
Elevation=106
Flags=NearWater
ILS=-
Name=Lympne
Runways=13-31,16-34,02-20
RunwayLengthFt=3054
TACAN=

[RunwaySpawns]
Spot1.Coordinates=24065.998046875,-39821.36328125
Spot1.DCSID=3
Spot2.Coordinates=23526.916015625,-39261.98828125
Spot2.DCSID=2

[Parking]
Spot1.Coordinates=23894.69140625,-39896.23046875
Spot1.DCSID=23
Spot1.Type=OpenAirSpawn
Spot2.Coordinates=23863.69140625,-39868.34375
Spot2.DCSID=22
Spot2.Type=OpenAirSpawn
Spot3.Coordinates=23823.890625,-39832.484375
Spot3.DCSID=21
Spot3.Type=OpenAirSpawn
Spot4.Coordinates=23232.04296875,-39281.43359375
Spot4.DCSID=20
Spot4.Type=OpenAirSpawn
Spot5.Coordinates=23234.56640625,-39312.13671875
Spot5.DCSID=19
Spot5.Type=OpenAirSpawn
Spot6.Coordinates=23236.884765625,-39342.32421875
Spot6.DCSID=18
Spot6.Type=OpenAirSpawn
Spot7.Coordinates=23239.392578125,-39372.625
Spot7.DCSID=17
Spot7.Type=OpenAirSpawn
Spot8.Coordinates=23241.810546875,-39402.59375
Spot8.DCSID=16
Spot8.Type=OpenAirSpawn
Spot9.Coordinates=23244.21875,-39432.16796875
Spot9.DCSID=15
Spot9.Type=OpenAirSpawn
Spot10.Coordinates=23246.7109375,-39461.828125
Spot10.DCSID=14
Spot10.Type=OpenAirSpawn
Spot11.Coordinates=23251.603515625,-39492.6484375
Spot11.DCSID=13
Spot11.Type=OpenAirSpawn
Spot12.Coordinates=23255.8984375,-39531.75390625
Spot12.DCSID=12
Spot12.Type=OpenAirSpawn
Spot13.Coordinates=23254.34765625,-39557.3359375
Spot13.DCSID=11
Spot13.Type=OpenAirSpawn
Spot14.Coordinates=23471.884765625,-39712.6328125
Spot14.DCSID=10
Spot14.Type=OpenAirSpawn
Spot15.Coordinates=23516.357421875,-39700.60546875
Spot15.DCSID=9
Spot15.Type=OpenAirSpawn
Spot16.Coordinates=23591.3515625,-39682
Spot16.DCSID=8
Spot16.Type=OpenAirSpawn
Spot17.Coordinates=23644.4921875,-39668.9140625
Spot17.DCSID=7
Spot17.Type=OpenAirSpawn
Spot18.Coordinates=23686.923828125,-39705.84765625
Spot18.DCSID=6
Spot18.Type=OpenAirSpawn
Spot19.Coordinates=23748.3203125,-39728.65234375
Spot19.DCSID=5
Spot19.Type=OpenAirSpawn
Spot20.Coordinates=23783.634765625,-39796.25390625
Spot20.DCSID=4
Spot20.Type=OpenAirSpawn
Spot21.Coordinates=23201.74609375,-39010.74609375
Spot21.DCSID=1
Spot21.Type=OpenAirSpawn
Spot22.Coordinates=23345.69140625,-39134.625
Spot22.DCSID=0
Spot22.Type=OpenAirSpawn

