[Airbase]
Theater=TheChannel
ATC=250.150/128.500
Coalition=Blue
Coordinates=148653.765625,40403.9453125
DCSID=15
Elevation=77
Flags=NearWater
ILS=108.15/108.90
Name=Hatay
Runways=22-4
TACAN=-

[RunwaySpawns]
Spot1.Coordinates=146700.25,38455.0078125
Spot1.DCSID=1
Spot2.Coordinates=148674.71875,40382.4765625
Spot2.DCSID=0

[Parking]
Spot1.Coordinates=147805.625,39025.6796875
Spot1.DCSID=11
Spot1.Type=OpenAirSpawn
Spot2.Coordinates=147775.15625,38996.359375
Spot2.DCSID=10
Spot2.Type=OpenAirSpawn
Spot3.Coordinates=147715.125,38939.109375
Spot3.DCSID=9
Spot3.Type=OpenAirSpawn
Spot4.Coordinates=147836.515625,39055.02734375
Spot4.DCSID=8
Spot4.Type=OpenAirSpawn
Spot5.Coordinates=147866.75,39084.96484375
Spot5.DCSID=7
Spot5.Type=OpenAirSpawn
Spot6.Coordinates=147625,38852.58984375
Spot6.DCSID=6
Spot6.Type=OpenAirSpawn
Spot7.Coordinates=147595.453125,38823.1015625
Spot7.DCSID=5
Spot7.Type=OpenAirSpawn
Spot8.Coordinates=147655.046875,38881.921875
Spot8.DCSID=4
Spot8.Type=OpenAirSpawn
Spot9.Coordinates=147745.34375,38967.5625
Spot9.DCSID=3
Spot9.Type=OpenAirSpawn
Spot10.Coordinates=147685.390625,38910.453125
Spot10.DCSID=2
Spot10.Type=OpenAirSpawn

