[Airbase]
Theater=TheChannel
ATC=-
Coalition=Red
Coordinates=-197772.359375,-200656.875
DCSID=17
Elevation=1644
Flags=
ILS=-
Name=Tonopah Airport
Runways=11-29
TACAN=-

[RunwaySpawns]
Spot1.Coordinates=-198768.0625,-201590.453125
Spot1.DCSID=3
Spot2.Coordinates=-196790.578125,-202119.265625
Spot2.DCSID=2
Spot3.Coordinates=-196818,-201966.109375
Spot3.DCSID=1
Spot4.Coordinates=-197747.796875,-200639.65625
Spot4.DCSID=0

[Parking]
Spot1.Coordinates=-197238.3125,-202368.0625
Spot1.DCSID=28
Spot1.Type=OpenAirSpawn
Spot2.Coordinates=-197281.703125,-202356.25
Spot2.DCSID=27
Spot2.Type=OpenAirSpawn
Spot3.Coordinates=-197325.015625,-202344.578125
Spot3.DCSID=26
Spot3.Type=OpenAirSpawn
Spot4.Coordinates=-197368.34375,-202332.625
Spot4.DCSID=25
Spot4.Type=OpenAirSpawn
Spot5.Coordinates=-197411.65625,-202320.828125
Spot5.DCSID=24
Spot5.Type=OpenAirSpawn
Spot6.Coordinates=-197455.0625,-202309.078125
Spot6.DCSID=23
Spot6.Type=OpenAirSpawn
Spot7.Coordinates=-197498.34375,-202297.328125
Spot7.DCSID=22
Spot7.Type=OpenAirSpawn
Spot8.Coordinates=-197541.734375,-202285.421875
Spot8.DCSID=21
Spot8.Type=OpenAirSpawn
Spot9.Coordinates=-197584.890625,-202273.671875
Spot9.DCSID=20
Spot9.Type=OpenAirSpawn
Spot10.Coordinates=-197628.296875,-202261.90625
Spot10.DCSID=19
Spot10.Type=OpenAirSpawn
Spot11.Coordinates=-197671.609375,-202250.1875
Spot11.DCSID=18
Spot11.Type=OpenAirSpawn
Spot12.Coordinates=-197714.96875,-202238.265625
Spot12.DCSID=17
Spot12.Type=OpenAirSpawn
Spot13.Coordinates=-197758.28125,-202226.53125
Spot13.DCSID=16
Spot13.Type=OpenAirSpawn
Spot14.Coordinates=-197801.65625,-202214.71875
Spot14.DCSID=15
Spot14.Type=OpenAirSpawn
Spot15.Coordinates=-197844.96875,-202203
Spot15.DCSID=14
Spot15.Type=OpenAirSpawn
Spot16.Coordinates=-197888.296875,-202191.09375
Spot16.DCSID=13
Spot16.Type=OpenAirSpawn
Spot17.Coordinates=-197931.203125,-202178.84375
Spot17.DCSID=12
Spot17.Type=OpenAirSpawn
Spot18.Coordinates=-197974.59375,-202167
Spot18.DCSID=11
Spot18.Type=OpenAirSpawn
Spot19.Coordinates=-198017.90625,-202155.34375
Spot19.DCSID=10
Spot19.Type=OpenAirSpawn
Spot20.Coordinates=-198061.28125,-202143.40625
Spot20.DCSID=9
Spot20.Type=OpenAirSpawn
Spot21.Coordinates=-198104.5625,-202131.625
Spot21.DCSID=8
Spot21.Type=OpenAirSpawn
Spot22.Coordinates=-198147.96875,-202119.859375
Spot22.DCSID=7
Spot22.Type=OpenAirSpawn
Spot23.Coordinates=-198191.3125,-202108.109375
Spot23.DCSID=6
Spot23.Type=OpenAirSpawn
Spot24.Coordinates=-198234.625,-202096.203125
Spot24.DCSID=5
Spot24.Type=OpenAirSpawn
Spot25.Coordinates=-198277.78125,-202084.4375
Spot25.DCSID=4
Spot25.Type=OpenAirSpawn

