[Airbase]
Theater=TheChannel
ATC=251.400/118.900
Coalition=Red
Coordinates=-130182.1640625,-42278.93359375
DCSID=6
Elevation=12
Flags=NearWater
ILS=109.50
Name=Beirut-Rafic Hariri
Runways=17-35
TACAN=-

[RunwaySpawns]
Spot1.Coordinates=-130116.6328125,-43002.98828125
Spot1.DCSID=5
Spot2.Coordinates=-130182.7578125,-42308.92578125
Spot2.DCSID=4
Spot3.Coordinates=-132946.953125,-42447.16015625
Spot3.DCSID=3
Spot4.Coordinates=-133900.75,-42600.28515625
Spot4.DCSID=2
Spot5.Coordinates=-131539.1875,-40958.2578125
Spot5.DCSID=1
Spot6.Coordinates=-132331.59375,-42266.3203125
Spot6.DCSID=0

[Parking]
Spot1.Coordinates=-131341.171875,-41978.5625
Spot1.DCSID=31
Spot1.Type=OpenAirSpawn
Spot2.Coordinates=-131443.328125,-41976.93359375
Spot2.DCSID=30
Spot2.Type=OpenAirSpawn
Spot3.Coordinates=-131499.8125,-41955.84375
Spot3.DCSID=29
Spot3.Type=OpenAirSpawn
Spot4.Coordinates=-131735.46875,-41775.55859375
Spot4.DCSID=28
Spot4.Type=OpenAirSpawn
Spot5.Coordinates=-131794.03125,-41787.97265625
Spot5.DCSID=27
Spot5.Type=OpenAirSpawn
Spot6.Coordinates=-131836.875,-41722.828125
Spot6.DCSID=26
Spot6.Type=OpenAirSpawn
Spot7.Coordinates=-131632.953125,-41746.82421875
Spot7.DCSID=25
Spot7.Type=OpenAirSpawn
Spot8.Coordinates=-131682.546875,-41763.52734375
Spot8.DCSID=24
Spot8.Type=OpenAirSpawn
Spot9.Coordinates=-131706.890625,-41870.36328125
Spot9.DCSID=23
Spot9.Type=OpenAirSpawn
Spot10.Coordinates=-131650.390625,-41857.63671875
Spot10.DCSID=22
Spot10.Type=OpenAirSpawn
Spot11.Coordinates=-131595.9375,-41841.8359375
Spot11.DCSID=21
Spot11.Type=OpenAirSpawn
Spot12.Coordinates=-131674.96875,-41628.92578125
Spot12.DCSID=20
Spot12.Type=OpenAirSpawn
Spot13.Coordinates=-131620.078125,-41581.546875
Spot13.DCSID=19
Spot13.Type=OpenAirSpawn
Spot14.Coordinates=-131393.5625,-41979.4296875
Spot14.DCSID=18
Spot14.Type=OpenAirSpawn
Spot15.Coordinates=-131557.375,-41523.92578125
Spot15.DCSID=17
Spot15.Type=OpenAirSpawn
Spot16.Coordinates=-131488.5625,-41470.69140625
Spot16.DCSID=16
Spot16.Type=OpenAirSpawn
Spot17.Coordinates=-131725.765625,-41648.984375
Spot17.DCSID=15
Spot17.Type=OpenAirSpawn
Spot18.Coordinates=-131771.546875,-41667.3828125
Spot18.DCSID=14
Spot18.Type=OpenAirSpawn
Spot19.Coordinates=-131758.71875,-41885.71875
Spot19.DCSID=13
Spot19.Type=OpenAirSpawn
Spot20.Coordinates=-131979.609375,-41838.609375
Spot20.DCSID=12
Spot20.Type=OpenAirSpawn
Spot21.Coordinates=-131964.4375,-41914.20703125
Spot21.DCSID=11
Spot21.Type=OpenAirSpawn
Spot22.Coordinates=-131951.234375,-41991.8515625
Spot22.DCSID=10
Spot22.Type=OpenAirSpawn
Spot23.Coordinates=-131786.734375,-41945.84375
Spot23.DCSID=9
Spot23.Type=OpenAirSpawn
Spot24.Coordinates=-131692.421875,-41993.0703125
Spot24.DCSID=8
Spot24.Type=OpenAirSpawn
Spot25.Coordinates=-131642.984375,-41980.86328125
Spot25.DCSID=7
Spot25.Type=OpenAirSpawn
Spot26.Coordinates=-131575.125,-41971.7890625
Spot26.DCSID=6
Spot26.Type=OpenAirSpawn

