[Airbase]
Theater=TheChannel
ATC=257.800/119.900
Coalition=Blue
Coordinates=-416012.53125,-28511.072265625
DCSID=3
Elevation=661
Flags=
ILS=RWY 25/110.30/255˚
Name=McCarran International Airport
Runways=07-25
TACAN=116X

[RunwaySpawns]
Spot1.Coordinates=-416345.875,-28358.462890625
Spot1.DCSID=18
Spot2.Coordinates=-416286.25,-25308.51953125
Spot2.DCSID=17
Spot3.Coordinates=-415980.1875,-25348.193359375
Spot3.DCSID=16
Spot4.Coordinates=-416042.53125,-28510.48046875
Spot4.DCSID=15

[Parking]
Spot1.Coordinates=-414803.375,-28895.8671875
Spot1.DCSID=14
Spot1.Type=HelicopterOnly
Spot2.Coordinates=-415041.9375,-29051.591796875
Spot2.DCSID=13
Spot2.Type=HelicopterOnly
Spot3.Coordinates=-415002.8125,-29033.88671875
Spot3.DCSID=12
Spot3.Type=HelicopterOnly
Spot4.Coordinates=-414695.21875,-28945.541015625
Spot4.DCSID=11
Spot4.Type=HelicopterOnly
Spot5.Coordinates=-414967.5,-29016.703125
Spot5.DCSID=10
Spot5.Type=HelicopterOnly
Spot6.Coordinates=-414695.3125,-28865.498046875
Spot6.DCSID=9
Spot6.Type=HelicopterOnly
Spot7.Coordinates=-414777.9375,-28885.521484375
Spot7.DCSID=8
Spot7.Type=HelicopterOnly
Spot8.Coordinates=-414753.46875,-28874.76953125
Spot8.DCSID=7
Spot8.Type=HelicopterOnly
Spot9.Coordinates=-415320.8125,-27463.15625
Spot9.DCSID=6
Spot9.Type=AirplaneOnly
Spot10.Coordinates=-415299.8125,-25565.33984375
Spot10.DCSID=5
Spot10.Type=OpenAirSpawn
Spot11.Coordinates=-415257.59375,-25235.619140625
Spot11.DCSID=4
Spot11.Type=OpenAirSpawn
Spot12.Coordinates=-415393.625,-25562.69921875
Spot12.DCSID=3
Spot12.Type=OpenAirSpawn
Spot13.Coordinates=-415520.09375,-25553.193359375
Spot13.DCSID=2
Spot13.Type=OpenAirSpawn
Spot14.Coordinates=-415379.09375,-27106.3515625
Spot14.DCSID=1
Spot14.Type=OpenAirSpawn
Spot15.Coordinates=-415461.59375,-25559.572265625
Spot15.DCSID=0
Spot15.Type=OpenAirSpawn

