[Airbase]
Theater=TheChannel
ATC=3.850/38.600 118.200/250.200
Coalition=Red
Coordinates=16482.39453125,46684.5
DCSID=4
Elevation=5
Flags=NearWater
ILS=-
Name=Dunkirk Mardyck
Runways=08-26
TACAN=-

[RunwaySpawns]
Spot1.Coordinates=16535.615234375,47212.29296875
Spot1.DCSID=1
Spot2.Coordinates=16452.763671875,46689.19140625
Spot2.DCSID=0

[Parking]
Spot1.Coordinates=16641.48828125,47155.7890625
Spot1.DCSID=20
Spot1.Type=OpenAirSpawn
Spot2.Coordinates=16002.551757813,47291.11328125
Spot2.DCSID=19
Spot2.Type=OpenAirSpawn
Spot3.Coordinates=17033.4609375,48436.95703125
Spot3.DCSID=18
Spot3.Type=OpenAirSpawn
Spot4.Coordinates=16137.262695313,46960.53125
Spot4.DCSID=17
Spot4.Type=OpenAirSpawn
Spot5.Coordinates=16124.993164063,47287.0078125
Spot5.DCSID=16
Spot5.Type=OpenAirSpawn
Spot6.Coordinates=16002.684570313,47140.2578125
Spot6.DCSID=15
Spot6.Type=OpenAirSpawn
Spot7.Coordinates=16003.302734375,47201.85546875
Spot7.DCSID=14
Spot7.Type=OpenAirSpawn
Spot8.Coordinates=16001.8515625,47390.39453125
Spot8.DCSID=13
Spot8.Type=OpenAirSpawn
Spot9.Coordinates=15870.676757813,47370.9140625
Spot9.DCSID=12
Spot9.Type=OpenAirSpawn
Spot10.Coordinates=16758.31640625,48566.203125
Spot10.DCSID=11
Spot10.Type=OpenAirSpawn
Spot11.Coordinates=17087.908203125,48255.24609375
Spot11.DCSID=10
Spot11.Type=OpenAirSpawn
Spot12.Coordinates=17104.76171875,48412.56640625
Spot12.DCSID=9
Spot12.Type=OpenAirSpawn
Spot13.Coordinates=17111.234375,48471.1015625
Spot13.DCSID=8
Spot13.Type=OpenAirSpawn
Spot14.Coordinates=17033.396484375,48517.35546875
Spot14.DCSID=7
Spot14.Type=OpenAirSpawn
Spot15.Coordinates=17037.724609375,48569.19921875
Spot15.DCSID=6
Spot15.Type=OpenAirSpawn
Spot16.Coordinates=16976.068359375,48551.44921875
Spot16.DCSID=5
Spot16.Type=OpenAirSpawn
Spot17.Coordinates=16972.494140625,48500.3828125
Spot17.DCSID=4
Spot17.Type=OpenAirSpawn
Spot18.Coordinates=16787.392578125,47593.80078125
Spot18.DCSID=3
Spot18.Type=OpenAirSpawn
Spot19.Coordinates=16620.982421875,47046.9921875
Spot19.DCSID=2
Spot19.Type=OpenAirSpawn

