[Airbase]
Theater=TheChannel
ATC=251.050/124.400
Coalition=Red
Coordinates=-131016.3046875,3064.6674804688
DCSID=32
Elevation=894
Flags=
ILS=-
Name=Rayak
Runways=4-22
TACAN=-

[RunwaySpawns]
Spot1.Coordinates=-129226.7734375,5021.5102539063
Spot1.DCSID=1
Spot2.Coordinates=-131038.2109375,3085.1623535156
Spot2.DCSID=0

[Parking]
Spot1.Coordinates=-129473.09375,5325.6313476563
Spot1.DCSID=13
Spot1.Type=HelicopterOnly
Spot2.Coordinates=-129412.0078125,5439.1123046875
Spot2.DCSID=12
Spot2.Type=OpenAirSpawn
Spot3.Coordinates=-129437.25,5364.3862304688
Spot3.DCSID=11
Spot3.Type=HelicopterOnly
Spot4.Coordinates=-129417.609375,5385.3833007813
Spot4.DCSID=10
Spot4.Type=HelicopterOnly
Spot5.Coordinates=-129326.6015625,5427.5703125
Spot5.DCSID=9
Spot5.Type=HelicopterOnly
Spot6.Coordinates=-129309.4140625,5445.9350585938
Spot6.DCSID=8
Spot6.Type=HelicopterOnly
Spot7.Coordinates=-129291.9921875,5465.0029296875
Spot7.DCSID=7
Spot7.Type=HelicopterOnly
Spot8.Coordinates=-129275.3125,5484.6723632813
Spot8.DCSID=6
Spot8.Type=HelicopterOnly
Spot9.Coordinates=-129321.265625,5546.7426757813
Spot9.DCSID=5
Spot9.Type=HelicopterOnly
Spot10.Coordinates=-129338.859375,5527.9926757813
Spot10.DCSID=4
Spot10.Type=HelicopterOnly
Spot11.Coordinates=-129356.2734375,5509.322265625
Spot11.DCSID=3
Spot11.Type=HelicopterOnly
Spot12.Coordinates=-129373.9453125,5490.4599609375
Spot12.DCSID=2
Spot12.Type=HelicopterOnly

