[Airbase]
Theater=TheChannel
ATC=3.775/38.450 118.050/250.050
Coalition=Red
Coordinates=-81026.359375,16217.8671875
DCSID=1
Elevation=56
Flags=
ILS=-
Name=Abbeville Drucat
Runways=02-20,09-27,13-31
RunwayLengthFt=4878
TACAN=-

[RunwaySpawns]
Spot1.Coordinates=-82671.59375,17594.955078125
Spot1.DCSID=4
Spot2.Coordinates=-82671.3125,16169.861328125
Spot2.DCSID=3
Spot3.Coordinates=-82338.5703125,15622.319335938
Spot3.DCSID=1
Spot4.Coordinates=-81014.53125,16190.296875
Spot4.DCSID=0

[Parking]
Spot1.Coordinates=-80798.8046875,16778.943359375
Spot1.DCSID=30
Spot1.Type=AirplaneOnly
Spot2.Coordinates=-80717.234375,17166.173828125
Spot2.DCSID=29
Spot2.Type=OpenAirSpawn
Spot3.Coordinates=-80718.4921875,17059.05859375
Spot3.DCSID=28
Spot3.Type=OpenAirSpawn
Spot4.Coordinates=-80843.6640625,18428.873046875
Spot4.DCSID=27
Spot4.Type=OpenAirSpawn
Spot5.Coordinates=-80920.09375,18382.9296875
Spot5.DCSID=26
Spot5.Type=OpenAirSpawn
Spot6.Coordinates=-80966.4453125,18286.35546875
Spot6.DCSID=25
Spot6.Type=OpenAirSpawn
Spot7.Coordinates=-80939.0234375,18224.556640625
Spot7.DCSID=24
Spot7.Type=AirplaneOnly
Spot8.Coordinates=-80921.890625,18065.88671875
Spot8.DCSID=23
Spot8.Type=AirplaneOnly
Spot9.Coordinates=-80914.4921875,17947.568359375
Spot9.DCSID=22
Spot9.Type=AirplaneOnly
Spot10.Coordinates=-80916.1171875,17871.734375
Spot10.DCSID=21
Spot10.Type=AirplaneOnly
Spot11.Coordinates=-80876.828125,17769.578125
Spot11.DCSID=20
Spot11.Type=AirplaneOnly
Spot12.Coordinates=-80849.515625,17666.310546875
Spot12.DCSID=19
Spot12.Type=OpenAirSpawn
Spot13.Coordinates=-80780.75,17636.404296875
Spot13.DCSID=18
Spot13.Type=OpenAirSpawn
Spot14.Coordinates=-80770.890625,17580.666015625
Spot14.DCSID=17
Spot14.Type=OpenAirSpawn
Spot15.Coordinates=-80796.953125,17540.17578125
Spot15.DCSID=16
Spot15.Type=OpenAirSpawn
Spot16.Coordinates=-80572.734375,17265.576171875
Spot16.DCSID=15
Spot16.Type=OpenAirSpawn
Spot17.Coordinates=-80539.515625,17308.9140625
Spot17.DCSID=14
Spot17.Type=OpenAirSpawn
Spot18.Coordinates=-80611.53125,17394.251953125
Spot18.DCSID=13
Spot18.Type=AirplaneOnly
Spot19.Coordinates=-82156.6171875,18166.736328125
Spot19.DCSID=12
Spot19.Type=OpenAirSpawn
Spot20.Coordinates=-82177.9140625,18076.76953125
Spot20.DCSID=11
Spot20.Type=OpenAirSpawn
Spot21.Coordinates=-82251.1328125,17997.052734375
Spot21.DCSID=10
Spot21.Type=OpenAirSpawn
Spot22.Coordinates=-82129.5390625,18024.455078125
Spot22.DCSID=9
Spot22.Type=AirplaneOnly
Spot23.Coordinates=-82104.96875,18073.689453125
Spot23.DCSID=8
Spot23.Type=AirplaneOnly
Spot24.Coordinates=-82036.9921875,18140.03125
Spot24.DCSID=7
Spot24.Type=OpenAirSpawn
Spot25.Coordinates=-81981.75,18186.1328125
Spot25.DCSID=6
Spot25.Type=OpenAirSpawn
Spot26.Coordinates=-81904.96875,18212.265625
Spot26.DCSID=5
Spot26.Type=OpenAirSpawn
Spot27.Coordinates=-80735.7109375,16925.8671875
Spot27.DCSID=2
Spot27.Type=OpenAirSpawn

