[Airbase]
Theater=TheChannel
ATC=250.30/118.25
Coalition=Red
Coordinates=452408.40625,71741.5859375
DCSID=18
Elevation=1751
Flags=
ILS=-
Name=Kerman Airport
Runways=16-34
TACAN=97X

[RunwaySpawns]
Spot1.Coordinates=455814.125,70422.703125
Spot1.DCSID=25
Spot2.Coordinates=452419.46875,71769.46875
Spot2.DCSID=24

[Parking]
Spot1.Coordinates=455720.1875,72263.671875
Spot1.DCSID=43
Spot1.Type=OpenAirSpawn
Spot2.Coordinates=455817.875,72222.4375
Spot2.DCSID=42
Spot2.Type=OpenAirSpawn
Spot3.Coordinates=455914.125,72179.9375
Spot3.DCSID=41
Spot3.Type=OpenAirSpawn
Spot4.Coordinates=455927.53125,72080.765625
Spot4.DCSID=40
Spot4.Type=OpenAirSpawn
Spot5.Coordinates=455825.375,72122.84375
Spot5.DCSID=39
Spot5.Type=OpenAirSpawn
Spot6.Coordinates=455736.46875,72163.484375
Spot6.DCSID=38
Spot6.Type=OpenAirSpawn
Spot7.Coordinates=454683.40625,72354.203125
Spot7.DCSID=37
Spot7.Type=OpenAirSpawn
Spot8.Coordinates=454315.03125,72126.8984375
Spot8.DCSID=36
Spot8.Type=OpenAirSpawn
Spot9.Coordinates=454463.09375,71766.375
Spot9.DCSID=35
Spot9.Type=OpenAirSpawn
Spot10.Coordinates=454784.875,71793.09375
Spot10.DCSID=34
Spot10.Type=OpenAirSpawn
Spot11.Coordinates=455132.40625,71994.5703125
Spot11.DCSID=33
Spot11.Type=OpenAirSpawn
Spot12.Coordinates=455236.5,72309.78125
Spot12.DCSID=32
Spot12.Type=OpenAirSpawn
Spot13.Coordinates=455588,72518.3125
Spot13.DCSID=31
Spot13.Type=OpenAirSpawn
Spot14.Coordinates=456061.96875,72615.1484375
Spot14.DCSID=30
Spot14.Type=OpenAirSpawn
Spot15.Coordinates=456343.625,72323.3984375
Spot15.DCSID=29
Spot15.Type=OpenAirSpawn
Spot16.Coordinates=456126.375,71891.390625
Spot16.DCSID=28
Spot16.Type=OpenAirSpawn
Spot17.Coordinates=456003.40625,71559.8046875
Spot17.DCSID=27
Spot17.Type=OpenAirSpawn
Spot18.Coordinates=455665.1875,71779.9921875
Spot18.DCSID=26
Spot18.Type=OpenAirSpawn
Spot19.Coordinates=455467.5,71256.2109375
Spot19.DCSID=23
Spot19.Type=OpenAirSpawn
Spot20.Coordinates=455450.59375,71219.03125
Spot20.DCSID=22
Spot20.Type=OpenAirSpawn
Spot21.Coordinates=455429.0625,71166.2890625
Spot21.DCSID=21
Spot21.Type=OpenAirSpawn
Spot22.Coordinates=455416.5625,71138.265625
Spot22.DCSID=20
Spot22.Type=OpenAirSpawn
Spot23.Coordinates=455401.46875,71262.46875
Spot23.DCSID=19
Spot23.Type=OpenAirSpawn
Spot24.Coordinates=455388.8125,71234.1015625
Spot24.DCSID=18
Spot24.Type=OpenAirSpawn
Spot25.Coordinates=455373.78125,71199.828125
Spot25.DCSID=17
Spot25.Type=OpenAirSpawn
Spot26.Coordinates=455217.375,71418.6171875
Spot26.DCSID=16
Spot26.Type=OpenAirSpawn
Spot27.Coordinates=455205.03125,71380.59375
Spot27.DCSID=15
Spot27.Type=OpenAirSpawn
Spot28.Coordinates=455192.4375,71341.4296875
Spot28.DCSID=14
Spot28.Type=OpenAirSpawn
Spot29.Coordinates=455180.1875,71303.1796875
Spot29.DCSID=13
Spot29.Type=OpenAirSpawn
Spot30.Coordinates=455167.46875,71263.9609375
Spot30.DCSID=12
Spot30.Type=OpenAirSpawn
Spot31.Coordinates=454075,71853.2421875
Spot31.DCSID=11
Spot31.Type=OpenAirSpawn
Spot32.Coordinates=454102.4375,71808.3046875
Spot32.DCSID=10
Spot32.Type=OpenAirSpawn
Spot33.Coordinates=454129,71762.2734375
Spot33.DCSID=9
Spot33.Type=OpenAirSpawn
Spot34.Coordinates=452410.90625,72019.0234375
Spot34.DCSID=8
Spot34.Type=OpenAirSpawn
Spot35.Coordinates=452499.53125,71997.5625
Spot35.DCSID=7
Spot35.Type=OpenAirSpawn
Spot36.Coordinates=452549.625,71977.5625
Spot36.DCSID=6
Spot36.Type=OpenAirSpawn
Spot37.Coordinates=452599.40625,71957.890625
Spot37.DCSID=5
Spot37.Type=OpenAirSpawn
Spot38.Coordinates=452647.375,71939.0625
Spot38.DCSID=4
Spot38.Type=OpenAirSpawn
Spot39.Coordinates=452697.21875,71919.546875
Spot39.DCSID=3
Spot39.Type=OpenAirSpawn
Spot40.Coordinates=452747.21875,71899.859375
Spot40.DCSID=2
Spot40.Type=OpenAirSpawn
Spot41.Coordinates=452796.15625,71880.796875
Spot41.DCSID=1
Spot41.Type=OpenAirSpawn
Spot42.Coordinates=452845.03125,71861.46875
Spot42.DCSID=0
Spot42.Type=OpenAirSpawn

