[Airbase]
Theater=TheChannel
ATC=4.100/39.10 118.70/250.70
Coalition=Red
Coordinates=-26621.591796875,-18748.99609375
DCSID=23
Elevation=58
Flags=
ILS=-
Name=Rucqueville
Runways=09-27
TACAN=-

[RunwaySpawns]
Spot1.Coordinates=-26587.03515625,-20139.1171875
Spot1.DCSID=1
Spot2.Coordinates=-26591.591796875,-18748.8984375
Spot2.DCSID=0

[Parking]
Spot1.Coordinates=-26489.427734375,-18834.71484375
Spot1.DCSID=41
Spot1.Type=OpenAirSpawn
Spot2.Coordinates=-26489.728515625,-18816.29296875
Spot2.DCSID=40
Spot2.Type=OpenAirSpawn
Spot3.Coordinates=-26490.34375,-18797.98828125
Spot3.DCSID=39
Spot3.Type=OpenAirSpawn
Spot4.Coordinates=-26490.771484375,-18779.68359375
Spot4.DCSID=38
Spot4.Type=OpenAirSpawn
Spot5.Coordinates=-26490.955078125,-18761.33984375
Spot5.DCSID=37
Spot5.Type=OpenAirSpawn
Spot6.Coordinates=-26311.0703125,-19993.46875
Spot6.DCSID=36
Spot6.Type=OpenAirSpawn
Spot7.Coordinates=-26331.498046875,-19993.724609375
Spot7.DCSID=35
Spot7.Type=OpenAirSpawn
Spot8.Coordinates=-26350.833984375,-19994.05859375
Spot8.DCSID=34
Spot8.Type=OpenAirSpawn
Spot9.Coordinates=-26369.77734375,-19995.103515625
Spot9.DCSID=33
Spot9.Type=OpenAirSpawn
Spot10.Coordinates=-26389.255859375,-19995.392578125
Spot10.DCSID=32
Spot10.Type=OpenAirSpawn
Spot11.Coordinates=-26408.439453125,-19995.71875
Spot11.DCSID=31
Spot11.Type=OpenAirSpawn
Spot12.Coordinates=-26427.91796875,-19996.013671875
Spot12.DCSID=30
Spot12.Type=OpenAirSpawn
Spot13.Coordinates=-26447.294921875,-19996.451171875
Spot13.DCSID=29
Spot13.Type=OpenAirSpawn
Spot14.Coordinates=-26466.771484375,-19996.744140625
Spot14.DCSID=28
Spot14.Type=OpenAirSpawn
Spot15.Coordinates=-26448.39453125,-20181.98828125
Spot15.DCSID=27
Spot15.Type=OpenAirSpawn
Spot16.Coordinates=-26388.13671875,-20181.0546875
Spot16.DCSID=26
Spot16.Type=OpenAirSpawn
Spot17.Coordinates=-26326.318359375,-20181.56640625
Spot17.DCSID=25
Spot17.Type=OpenAirSpawn
Spot18.Coordinates=-26323.66796875,-19810.376953125
Spot18.DCSID=24
Spot18.Type=OpenAirSpawn
Spot19.Coordinates=-26389.783203125,-19811.791015625
Spot19.DCSID=23
Spot19.Type=OpenAirSpawn
Spot20.Coordinates=-26448.6640625,-19811.302734375
Spot20.DCSID=22
Spot20.Type=OpenAirSpawn
Spot21.Coordinates=-26438.892578125,-19536.8984375
Spot21.DCSID=21
Spot21.Type=AirplaneOnly
Spot22.Coordinates=-26435.7578125,-19493.251953125
Spot22.DCSID=20
Spot22.Type=AirplaneOnly
Spot23.Coordinates=-26432.166015625,-19449.6796875
Spot23.DCSID=19
Spot23.Type=AirplaneOnly
Spot24.Coordinates=-26429.029296875,-19276.537109375
Spot24.DCSID=18
Spot24.Type=AirplaneOnly
Spot25.Coordinates=-26425.681640625,-19234.099609375
Spot25.DCSID=17
Spot25.Type=AirplaneOnly
Spot26.Coordinates=-26433.263671875,-19171.5078125
Spot26.DCSID=16
Spot26.Type=AirplaneOnly
Spot27.Coordinates=-26429.7890625,-19118.630859375
Spot27.DCSID=15
Spot27.Type=AirplaneOnly
Spot28.Coordinates=-26426.552734375,-19064.36328125
Spot28.DCSID=14
Spot28.Type=AirplaneOnly
Spot29.Coordinates=-26531.03125,-18835.0234375
Spot29.DCSID=13
Spot29.Type=OpenAirSpawn
Spot30.Coordinates=-26531.3125,-18816.59765625
Spot30.DCSID=12
Spot30.Type=OpenAirSpawn
Spot31.Coordinates=-26531.935546875,-18798.29296875
Spot31.DCSID=11
Spot31.Type=OpenAirSpawn
Spot32.Coordinates=-26532.369140625,-18779.98828125
Spot32.DCSID=10
Spot32.Type=OpenAirSpawn
Spot33.Coordinates=-26532.548828125,-18761.64453125
Spot33.DCSID=9
Spot33.Type=OpenAirSpawn
Spot34.Coordinates=-26681.5703125,-20055.486328125
Spot34.DCSID=8
Spot34.Type=OpenAirSpawn
Spot35.Coordinates=-26681.400390625,-20074.068359375
Spot35.DCSID=7
Spot35.Type=OpenAirSpawn
Spot36.Coordinates=-26681.240234375,-20092.650390625
Spot36.DCSID=6
Spot36.Type=OpenAirSpawn
Spot37.Coordinates=-26680.90625,-20111.15234375
Spot37.DCSID=5
Spot37.Type=OpenAirSpawn
Spot38.Coordinates=-26680.7890625,-20129.515625
Spot38.DCSID=4
Spot38.Type=OpenAirSpawn
Spot39.Coordinates=-26680.318359375,-20148.185546875
Spot39.DCSID=3
Spot39.Type=OpenAirSpawn
Spot40.Coordinates=-26680.033203125,-20166.484375
Spot40.DCSID=2
Spot40.Type=OpenAirSpawn

