[Airbase]
Theater=TheChannel
ATC=250.900/121.100
Coalition=Blue
Coordinates=220139.03125,-47292.88671875
DCSID=2
Elevation=17
Flags=
ILS=108.70
Name=Adana Sakirpasa
Runways=23*-5
TACAN=-

[RunwaySpawns]
Spot1.Coordinates=218773.46875,-49355.71484375
Spot1.DCSID=1
Spot2.Coordinates=220163.84375,-47309.75
Spot2.DCSID=0

[Parking]
Spot1.Coordinates=219730.96875,-46882.54296875
Spot1.DCSID=40
Spot1.Type=OpenAirSpawn
Spot2.Coordinates=219518.03125,-47376.15625
Spot2.DCSID=39
Spot2.Type=OpenAirSpawn
Spot3.Coordinates=219772.828125,-46873.66015625
Spot3.DCSID=38
Spot3.Type=OpenAirSpawn
Spot4.Coordinates=220399.09375,-47460.21875
Spot4.DCSID=37
Spot4.Type=OpenAirSpawn
Spot5.Coordinates=220389.640625,-47474.3203125
Spot5.DCSID=36
Spot5.Type=OpenAirSpawn
Spot6.Coordinates=220379.96875,-47488.1015625
Spot6.DCSID=35
Spot6.Type=OpenAirSpawn
Spot7.Coordinates=220370.421875,-47502.06640625
Spot7.DCSID=34
Spot7.Type=OpenAirSpawn
Spot8.Coordinates=220360.65625,-47516.05078125
Spot8.DCSID=33
Spot8.Type=OpenAirSpawn
Spot9.Coordinates=220351.015625,-47529.94921875
Spot9.DCSID=32
Spot9.Type=OpenAirSpawn
Spot10.Coordinates=220341.578125,-47544
Spot10.DCSID=31
Spot10.Type=OpenAirSpawn
Spot11.Coordinates=220332.09375,-47558.03125
Spot11.DCSID=30
Spot11.Type=OpenAirSpawn
Spot12.Coordinates=220322.625,-47572.078125
Spot12.DCSID=29
Spot12.Type=OpenAirSpawn
Spot13.Coordinates=220354.828125,-47450.58203125
Spot13.DCSID=28
Spot13.Type=OpenAirSpawn
Spot14.Coordinates=220345.6875,-47464.91796875
Spot14.DCSID=27
Spot14.Type=OpenAirSpawn
Spot15.Coordinates=220336.1875,-47479.06640625
Spot15.DCSID=26
Spot15.Type=OpenAirSpawn
Spot16.Coordinates=220326.828125,-47492.9453125
Spot16.DCSID=25
Spot16.Type=OpenAirSpawn
Spot17.Coordinates=220317.328125,-47507.1171875
Spot17.DCSID=24
Spot17.Type=OpenAirSpawn
Spot18.Coordinates=220307.890625,-47521.16796875
Spot18.DCSID=23
Spot18.Type=OpenAirSpawn
Spot19.Coordinates=220298.1875,-47535.0234375
Spot19.DCSID=22
Spot19.Type=OpenAirSpawn
Spot20.Coordinates=220288.78125,-47549.1015625
Spot20.DCSID=21
Spot20.Type=OpenAirSpawn
Spot21.Coordinates=219941.34375,-46837.1171875
Spot21.DCSID=20
Spot21.Type=OpenAirSpawn
Spot22.Coordinates=219662.421875,-46926.7421875
Spot22.DCSID=19
Spot22.Type=OpenAirSpawn
Spot23.Coordinates=219634.609375,-46966.62109375
Spot23.DCSID=18
Spot23.Type=OpenAirSpawn
Spot24.Coordinates=219602.96875,-47017.1640625
Spot24.DCSID=17
Spot24.Type=OpenAirSpawn
Spot25.Coordinates=219574.21875,-47078.125
Spot25.DCSID=16
Spot25.Type=OpenAirSpawn
Spot26.Coordinates=219697.0625,-47157.50390625
Spot26.DCSID=15
Spot26.Type=OpenAirSpawn
Spot27.Coordinates=219719.5,-47122.203125
Spot27.DCSID=14
Spot27.Type=OpenAirSpawn
Spot28.Coordinates=219741.6875,-47087.296875
Spot28.DCSID=13
Spot28.Type=OpenAirSpawn
Spot29.Coordinates=219600.015625,-47262.6796875
Spot29.DCSID=12
Spot29.Type=OpenAirSpawn
Spot30.Coordinates=219562.8125,-47237.2109375
Spot30.DCSID=11
Spot30.Type=OpenAirSpawn
Spot31.Coordinates=219525.84375,-47211.8203125
Spot31.DCSID=10
Spot31.Type=OpenAirSpawn
Spot32.Coordinates=219488.75,-47186.5625
Spot32.DCSID=9
Spot32.Type=OpenAirSpawn
Spot33.Coordinates=219890.671875,-47003.99609375
Spot33.DCSID=8
Spot33.Type=OpenAirSpawn
Spot34.Coordinates=219849.4375,-47014.02734375
Spot34.DCSID=7
Spot34.Type=OpenAirSpawn
Spot35.Coordinates=219807.296875,-47023.7109375
Spot35.DCSID=6
Spot35.Type=OpenAirSpawn
Spot36.Coordinates=219762.140625,-47053.78125
Spot36.DCSID=5
Spot36.Type=OpenAirSpawn
Spot37.Coordinates=219815.28125,-46864.453125
Spot37.DCSID=4
Spot37.Type=OpenAirSpawn
Spot38.Coordinates=219858.125,-46855.546875
Spot38.DCSID=3
Spot38.Type=OpenAirSpawn
Spot39.Coordinates=219900.59375,-46846.515625
Spot39.DCSID=2
Spot39.Type=OpenAirSpawn

