[Airbase]
Theater=TheChannel
ATC=3.900/38.700 118.300/250.300
Coalition=Blue
Coordinates=26738.77734375,-29436.501953125
DCSID=6
Elevation=160
Flags=NearWater
ILS=-
Name=Hawkinge
Runways=01-19,04-22
TACAN=-

[RunwaySpawns]
Spot1.Coordinates=27341.314453125,-29295.615234375
Spot1.DCSID=8
Spot2.Coordinates=26629.484375,-29875.892578125
Spot2.DCSID=7
Spot3.Coordinates=27324.337890625,-29401.15625
Spot3.DCSID=1
Spot4.Coordinates=26738.50390625,-29406.50390625
Spot4.DCSID=0

[Parking]
Spot1.Coordinates=27139.091796875,-29903.3515625
Spot1.DCSID=29
Spot1.Type=OpenAirSpawn
Spot2.Coordinates=27157.048828125,-29923.697265625
Spot2.DCSID=28
Spot2.Type=OpenAirSpawn
Spot3.Coordinates=26579.890625,-29575.828125
Spot3.DCSID=27
Spot3.Type=OpenAirSpawn
Spot4.Coordinates=27074.619140625,-30069.642578125
Spot4.DCSID=26
Spot4.Type=OpenAirSpawn
Spot5.Coordinates=27071.71875,-28954.021484375
Spot5.DCSID=25
Spot5.Type=AirplaneOnly
Spot6.Coordinates=26856.09765625,-28859.921875
Spot6.DCSID=24
Spot6.Type=OpenAirSpawn
Spot7.Coordinates=26838.42578125,-28883.888671875
Spot7.DCSID=23
Spot7.Type=OpenAirSpawn
Spot8.Coordinates=26818.9296875,-28946.75
Spot8.DCSID=22
Spot8.Type=OpenAirSpawn
Spot9.Coordinates=26802.212890625,-28970.296875
Spot9.DCSID=21
Spot9.Type=OpenAirSpawn
Spot10.Coordinates=26748.544921875,-29027.4140625
Spot10.DCSID=20
Spot10.Type=OpenAirSpawn
Spot11.Coordinates=26771.0234375,-29008.568359375
Spot11.DCSID=19
Spot11.Type=OpenAirSpawn
Spot12.Coordinates=26699.814453125,-30192.974609375
Spot12.DCSID=18
Spot12.Type=OpenAirSpawn
Spot13.Coordinates=26724.1640625,-30207.951171875
Spot13.DCSID=17
Spot13.Type=OpenAirSpawn
Spot14.Coordinates=26631.279296875,-30108.376953125
Spot14.DCSID=16
Spot14.Type=OpenAirSpawn
Spot15.Coordinates=26647.7734375,-30132.556640625
Spot15.DCSID=15
Spot15.Type=OpenAirSpawn
Spot16.Coordinates=26573.298828125,-30068.294921875
Spot16.DCSID=14
Spot16.Type=OpenAirSpawn
Spot17.Coordinates=26591.95703125,-30091.30078125
Spot17.DCSID=13
Spot17.Type=OpenAirSpawn
Spot18.Coordinates=27140.705078125,-29000.99609375
Spot18.DCSID=12
Spot18.Type=AirplaneOnly
Spot19.Coordinates=26932.28125,-30194.1953125
Spot19.DCSID=11
Spot19.Type=AirplaneOnly
Spot20.Coordinates=27200.55078125,-29937.79296875
Spot20.DCSID=10
Spot20.Type=AirplaneOnly
Spot21.Coordinates=27420.6953125,-29182.8515625
Spot21.DCSID=9
Spot21.Type=AirplaneOnly
Spot22.Coordinates=27211.73046875,-29041.603515625
Spot22.DCSID=6
Spot22.Type=OpenAirSpawn
Spot23.Coordinates=27244.27734375,-29057.19140625
Spot23.DCSID=5
Spot23.Type=OpenAirSpawn
Spot24.Coordinates=27276.8046875,-29072.44140625
Spot24.DCSID=4
Spot24.Type=OpenAirSpawn
Spot25.Coordinates=27308.40234375,-29087.111328125
Spot25.DCSID=3
Spot25.Type=OpenAirSpawn
Spot26.Coordinates=27040,-30028.244140625
Spot26.DCSID=2
Spot26.Type=AirplaneOnly

