[Airbase]
Theater=TheChannel
ATC=3.825/38.550 118.150/250.150
Coalition=Red
Coordinates=-16939.8046875,44876.4375
DCSID=3
Elevation=67
Flags=
ILS=-
Name=Saint Omer Longuenesse
Runways=08-26
TACAN=-

[RunwaySpawns]
Spot1.Coordinates=-16969.748046875,44878.27734375
Spot1.DCSID=1
Spot2.Coordinates=-16933.68359375,45465.1484375
Spot2.DCSID=0

[Parking]
Spot1.Coordinates=-16886.607421875,44808.1796875
Spot1.DCSID=38
Spot1.Type=AirplaneOnly
Spot2.Coordinates=-16825.92578125,44795.36328125
Spot2.DCSID=37
Spot2.Type=AirplaneOnly
Spot3.Coordinates=-16854.869140625,44801.81640625
Spot3.DCSID=36
Spot3.Type=AirplaneOnly
Spot4.Coordinates=-16827.734375,45737.41015625
Spot4.DCSID=35
Spot4.Type=AirplaneOnly
Spot5.Coordinates=-16818.4609375,45376.74609375
Spot5.DCSID=34
Spot5.Type=OpenAirSpawn
Spot6.Coordinates=-16818.9921875,45350.8984375
Spot6.DCSID=33
Spot6.Type=OpenAirSpawn
Spot7.Coordinates=-16818.4609375,45326.1328125
Spot7.DCSID=32
Spot7.Type=OpenAirSpawn
Spot8.Coordinates=-16819.244140625,45299.265625
Spot8.DCSID=31
Spot8.Type=OpenAirSpawn
Spot9.Coordinates=-16819.59765625,45274.015625
Spot9.DCSID=30
Spot9.Type=OpenAirSpawn
Spot10.Coordinates=-16820.3125,45247.28125
Spot10.DCSID=29
Spot10.Type=OpenAirSpawn
Spot11.Coordinates=-16821.212890625,45220.6796875
Spot11.DCSID=28
Spot11.Type=OpenAirSpawn
Spot12.Coordinates=-16821.943359375,45192.65625
Spot12.DCSID=27
Spot12.Type=OpenAirSpawn
Spot13.Coordinates=-17215.724609375,44984.875
Spot13.DCSID=26
Spot13.Type=OpenAirSpawn
Spot14.Coordinates=-16818.837890625,45140.3046875
Spot14.DCSID=25
Spot14.Type=OpenAirSpawn
Spot15.Coordinates=-16809.5078125,45117.296875
Spot15.DCSID=24
Spot15.Type=OpenAirSpawn
Spot16.Coordinates=-16793.97265625,45099.703125
Spot16.DCSID=23
Spot16.Type=OpenAirSpawn
Spot17.Coordinates=-16774.31640625,45083.71484375
Spot17.DCSID=22
Spot17.Type=OpenAirSpawn
Spot18.Coordinates=-16821.287109375,45690.41015625
Spot18.DCSID=21
Spot18.Type=AirplaneOnly
Spot19.Coordinates=-16811.2890625,45671.34765625
Spot19.DCSID=20
Spot19.Type=AirplaneOnly
Spot20.Coordinates=-16865.859375,45763.0859375
Spot20.DCSID=19
Spot20.Type=OpenAirSpawn
Spot21.Coordinates=-16803.26171875,45494.9609375
Spot21.DCSID=18
Spot21.Type=AirplaneOnly
Spot22.Coordinates=-16804.998046875,45454.98046875
Spot22.DCSID=17
Spot22.Type=AirplaneOnly
Spot23.Coordinates=-16676.357421875,44994.4765625
Spot23.DCSID=16
Spot23.Type=AirplaneOnly
Spot24.Coordinates=-16668.583984375,44920.390625
Spot24.DCSID=15
Spot24.Type=AirplaneOnly
Spot25.Coordinates=-16627.873046875,44935.3671875
Spot25.DCSID=14
Spot25.Type=AirplaneOnly
Spot26.Coordinates=-16593.216796875,44964.09765625
Spot26.DCSID=13
Spot26.Type=AirplaneOnly
Spot27.Coordinates=-16553.66015625,44920.3515625
Spot27.DCSID=12
Spot27.Type=AirplaneOnly
Spot28.Coordinates=-16595.658203125,44887.25
Spot28.DCSID=11
Spot28.Type=AirplaneOnly
Spot29.Coordinates=-16652.298828125,44860.90234375
Spot29.DCSID=10
Spot29.Type=AirplaneOnly
Spot30.Coordinates=-16689.876953125,44806.828125
Spot30.DCSID=9
Spot30.Type=AirplaneOnly
Spot31.Coordinates=-16722.392578125,44772.96875
Spot31.DCSID=8
Spot31.Type=AirplaneOnly
Spot32.Coordinates=-16877.046875,44750.45703125
Spot32.DCSID=7
Spot32.Type=AirplaneOnly
Spot33.Coordinates=-16854.392578125,44729.21875
Spot33.DCSID=6
Spot33.Type=AirplaneOnly
Spot34.Coordinates=-16827.4296875,44712.18359375
Spot34.DCSID=5
Spot34.Type=AirplaneOnly
Spot35.Coordinates=-16855.115234375,44527.1484375
Spot35.DCSID=4
Spot35.Type=AirplaneOnly
Spot36.Coordinates=-16685.8984375,44518.21484375
Spot36.DCSID=3
Spot36.Type=AirplaneOnly
Spot37.Coordinates=-16750.32421875,44658.95703125
Spot37.DCSID=2
Spot37.Type=AirplaneOnly

